time	V(vin)	V(vout)
0.000000000000000e+00	-2.000000e+00	-1.999994e+00
1.999999992008394e-11	-1.920000e+00	-1.999994e+00
3.999999984016789e-11	-1.840000e+00	-1.999994e+00
7.999999968033578e-11	-1.680000e+00	-1.999994e+00
1.525992701318310e-10	-1.389603e+00	-1.999994e+00
2.977978110348215e-10	-8.088087e-01	-1.999994e+00
5.159099844105852e-10	6.363994e-02	-1.999994e+00
7.419660660168440e-10	9.678643e-01	-1.999994e+00
1.000000000000000e-09	2.000000e+00	-1.999994e+00
1.077410180194947e-09	2.000000e+00	-1.999994e+00
1.180623753788209e-09	2.000000e+00	-1.999994e+00
1.387050900974734e-09	2.000000e+00	-1.999994e+00
1.799905195347784e-09	2.000000e+00	-1.999994e+00
2.372657908582770e-09	2.000000e+00	-1.999994e+00
3.122920681879637e-09	2.000000e+00	-1.999994e+00
4.078205134430155e-09	2.000000e+00	-1.999994e+00
5.345445993418388e-09	2.000000e+00	-1.999994e+00
6.972425025061726e-09	2.000000e+00	-1.999996e+00
8.919225354937086e-09	2.000000e+00	-2.000001e+00
1.101463167541278e-08	2.000000e+00	-2.000015e+00
1.315365372754056e-08	2.000000e+00	-2.000041e+00
1.592915601294941e-08	2.000000e+00	-2.000096e+00
1.890354197066779e-08	2.000000e+00	-2.000190e+00
2.359680143493409e-08	2.000000e+00	-2.000421e+00
3.052884590600982e-08	2.000000e+00	-2.000902e+00
3.746927135203112e-08	2.000000e+00	-2.001523e+00
4.517873936522532e-08	2.000000e+00	-2.002321e+00
5.298272372676873e-08	2.000000e+00	-2.003156e+00
6.201448191118888e-08	2.000000e+00	-2.004050e+00
7.157173936039257e-08	2.000000e+00	-2.004802e+00
8.243116438943721e-08	2.000000e+00	-2.005341e+00
9.276535960542067e-08	2.000000e+00	-2.005491e+00
1.046873079328410e-07	2.000000e+00	-2.005229e+00
1.174836581053608e-07	2.000000e+00	-2.004515e+00
1.341905521423682e-07	2.000000e+00	-2.003137e+00
1.508547735826061e-07	2.000000e+00	-2.001534e+00
1.707773704077195e-07	2.000000e+00	-1.999625e+00
1.883552864346579e-07	2.000000e+00	-1.998194e+00
2.077925316015440e-07	2.000000e+00	-1.997049e+00
2.257782629406188e-07	2.000000e+00	-1.996459e+00
2.474776483253236e-07	2.000000e+00	-1.996302e+00
2.711766398011344e-07	2.000000e+00	-1.996605e+00
2.902777155297524e-07	2.000000e+00	-1.997102e+00
3.071260090442820e-07	2.000000e+00	-1.997645e+00
3.235975282384434e-07	2.000000e+00	-1.998191e+00
3.396662070314433e-07	2.000000e+00	-1.998687e+00
3.566962239020041e-07	2.000000e+00	-1.999144e+00
3.722450945156750e-07	2.000000e+00	-1.999484e+00
3.879396904048759e-07	2.000000e+00	-1.999747e+00
4.029493939822197e-07	2.000000e+00	-1.999928e+00
4.185249913186368e-07	2.000000e+00	-2.000050e+00
4.353048506244906e-07	2.000000e+00	-2.000123e+00
4.518729742594560e-07	2.000000e+00	-2.000151e+00
4.692341840082091e-07	2.000000e+00	-2.000147e+00
4.863600105872809e-07	2.000000e+00	-2.000124e+00
5.040523302901668e-07	2.000000e+00	-2.000090e+00
5.216731298829736e-07	2.000000e+00	-2.000056e+00
5.400570174024443e-07	2.000000e+00	-2.000025e+00
5.553756731732716e-07	2.000000e+00	-2.000004e+00
5.700565950782965e-07	2.000000e+00	-1.999990e+00
5.854323460452588e-07	2.000000e+00	-1.999981e+00
6.029515949532796e-07	2.000000e+00	-1.999975e+00
6.196591477921759e-07	2.000000e+00	-1.999974e+00
6.373781031708696e-07	2.000000e+00	-1.999976e+00
6.543694275810169e-07	2.000000e+00	-1.999979e+00
6.734980166859631e-07	2.000000e+00	-1.999984e+00
6.966212057124272e-07	2.000000e+00	-1.999989e+00
7.318194953011653e-07	2.000000e+00	-1.999994e+00
7.569926721114088e-07	2.000000e+00	-1.999996e+00
7.826867228668796e-07	2.000000e+00	-1.999997e+00
8.140741421764981e-07	2.000000e+00	-1.999996e+00
8.465914348811645e-07	2.000000e+00	-1.999995e+00
8.905032110595316e-07	2.000000e+00	-1.999994e+00
9.612662122084383e-07	2.000000e+00	-1.999994e+00
1.029713386930230e-06	2.000000e+00	-1.999994e+00
1.098800073926812e-06	2.000000e+00	-1.999994e+00
1.420457360105126e-03	2.000000e+00	-1.998898e+00
2.839815920136325e-03	2.000000e+00	-1.995690e+00
4.259174480167523e-03	2.000000e+00	-1.990368e+00
5.678533040198722e-03	2.000000e+00	-1.982934e+00
7.097891600229922e-03	2.000000e+00	-1.973387e+00
8.517250160261119e-03	2.000000e+00	-1.961727e+00
9.936608720292315e-03	2.000000e+00	-1.947954e+00
1.970223372029231e-02	2.000000e+00	-1.816906e+00
2.946785872029231e-02	2.000000e+00	-1.618654e+00
3.923348372029231e-02	2.000000e+00	-1.347349e+00
4.899910872029231e-02	2.000000e+00	-1.008467e+00
5.876473372029231e-02	2.000000e+00	-6.088495e-01
6.853035872029231e-02	2.000000e+00	-1.565638e-01
7.829598372029231e-02	2.000000e+00	3.392589e-01
8.806160872029231e-02	2.000000e+00	8.686091e-01
9.782723372029231e-02	2.000000e+00	1.420800e+00
1.075928587202923e-01	2.000000e+00	1.984684e+00
1.173584837202923e-01	2.000000e+00	2.548877e+00
1.271241087202923e-01	2.000000e+00	3.101988e+00
1.368897337202923e-01	2.000000e+00	3.632853e+00
1.466553587202923e-01	2.000000e+00	4.130753e+00
1.564209837202923e-01	2.000000e+00	4.585637e+00
1.661866087202923e-01	2.000000e+00	4.988321e+00
1.759522337202923e-01	2.000000e+00	5.330677e+00
1.857178587202923e-01	2.000000e+00	5.605791e+00
1.954834837202923e-01	2.000000e+00	5.808111e+00
2.052491087202923e-01	2.000000e+00	5.933552e+00
2.150147337202923e-01	2.000000e+00	5.979581e+00
2.247803587202923e-01	2.000000e+00	5.945270e+00
2.345459837202923e-01	2.000000e+00	5.831309e+00
2.443116087202923e-01	2.000000e+00	5.640002e+00
2.540772337202923e-01	2.000000e+00	5.375209e+00
2.638428587202923e-01	2.000000e+00	5.042277e+00
2.736084837202923e-01	2.000000e+00	4.647926e+00
2.833741087202923e-01	2.000000e+00	4.200119e+00
2.931397337202923e-01	2.000000e+00	3.707894e+00
3.029053587202923e-01	2.000000e+00	3.181190e+00
3.126709837202923e-01	2.000000e+00	2.630639e+00
3.224366087202923e-01	2.000000e+00	2.067358e+00
3.322022337202923e-01	2.000000e+00	1.502715e+00
3.419678587202923e-01	2.000000e+00	9.481126e-01
3.517334837202923e-01	2.000000e+00	4.147454e-01
3.614991087202923e-01	2.000000e+00	-8.661850e-02
3.712647337202923e-01	2.000000e+00	-5.458574e-01
3.810303587202923e-01	2.000000e+00	-9.536999e-01
3.907959837202923e-01	2.000000e+00	-1.301913e+00
4.005616087202923e-01	2.000000e+00	-1.583466e+00
4.103272337202923e-01	2.000000e+00	-1.792675e+00
4.200928587202923e-01	2.000000e+00	-1.925317e+00
4.298584837202923e-01	2.000000e+00	-1.978714e+00
4.396241087202923e-01	2.000000e+00	-1.951788e+00
4.493897337202923e-01	2.000000e+00	-1.845083e+00
4.591553587202923e-01	2.000000e+00	-1.660752e+00
4.689209837202923e-01	2.000000e+00	-1.402517e+00
4.786866087202923e-01	2.000000e+00	-1.075591e+00
4.884522337202923e-01	2.000000e+00	-6.865746e-01
4.982178587202923e-01	2.000000e+00	-2.433212e-01
5.079834837202923e-01	2.000000e+00	2.452208e-01
5.177491087202923e-01	2.000000e+00	7.691887e-01
5.275147337202923e-01	2.000000e+00	1.318004e+00
5.372803587202923e-01	2.000000e+00	1.880588e+00
5.470459837202923e-01	2.000000e+00	2.445583e+00
5.568116087202923e-01	2.000000e+00	3.001581e+00
5.665772337202923e-01	2.000000e+00	3.537360e+00
5.763428587202923e-01	2.000000e+00	4.042102e+00
5.861084837202923e-01	2.000000e+00	4.505617e+00
5.958741087202923e-01	2.000000e+00	4.918549e+00
6.056397337202923e-01	2.000000e+00	5.272559e+00
6.154053587202923e-01	2.000000e+00	5.560503e+00
6.251709837202923e-01	2.000000e+00	5.776566e+00
6.349366087202923e-01	2.000000e+00	5.916387e+00
6.447022337202923e-01	2.000000e+00	5.977142e+00
6.544678587202923e-01	2.000000e+00	5.957606e+00
6.642334837202923e-01	2.000000e+00	5.858173e+00
6.739991087202923e-01	2.000000e+00	5.680850e+00
6.837647337202923e-01	2.000000e+00	5.429217e+00
6.935303587202923e-01	2.000000e+00	5.108354e+00
7.032959837202923e-01	2.000000e+00	4.724739e+00
7.130616087202923e-01	2.000000e+00	4.286116e+00
7.228272337202923e-01	2.000000e+00	3.801340e+00
7.325928587202923e-01	2.000000e+00	3.280198e+00
7.423584837202923e-01	2.000000e+00	2.733211e+00
7.521241087202923e-01	2.000000e+00	2.171421e+00
7.618897337202923e-01	2.000000e+00	1.606171e+00
7.716553587202923e-01	2.000000e+00	1.048871e+00
7.814209837202923e-01	2.000000e+00	5.107727e-01
7.911866087202923e-01	2.000000e+00	2.739201e-03
8.009522337202923e-01	2.000000e+00	-4.649733e-01
8.107178587202923e-01	2.000000e+00	-8.829225e-01
8.204834837202923e-01	2.000000e+00	-1.242671e+00
8.302491087202923e-01	2.000000e+00	-1.536955e+00
8.400147337202923e-01	2.000000e+00	-1.759835e+00
8.497803587202923e-01	2.000000e+00	-1.906811e+00
8.595459837202923e-01	2.000000e+00	-1.974914e+00
8.693116087202923e-01	2.000000e+00	-1.962772e+00
8.790772337202923e-01	2.000000e+00	-1.870628e+00
8.888428587202923e-01	2.000000e+00	-1.700344e+00
8.986084837202923e-01	2.000000e+00	-1.455356e+00
9.083741087202923e-01	2.000000e+00	-1.140610e+00
9.181397337202923e-01	2.000000e+00	-7.624614e-01
9.279053587202923e-01	2.000000e+00	-3.285435e-01
9.376709837202923e-01	2.000000e+00	1.523834e-01
9.474366087202923e-01	2.000000e+00	6.706103e-01
9.572022337202923e-01	2.000000e+00	1.215675e+00
9.669678587202923e-01	2.000000e+00	1.776574e+00
9.767334837202923e-01	2.000000e+00	2.341984e+00
9.864991087202923e-01	2.000000e+00	2.903638e+00
9.925294664405846e-01	2.000000e+00	3.243330e+00
1.000000001000000e+00	2.000000e+00	3.649728e+00
1.000000001100000e+00	1.600000e+00	3.649728e+00
1.000000001300000e+00	7.999999e-01	3.649728e+00
1.000000001452893e+00	1.884287e-01	3.649728e+00
1.000000001605234e+00	-4.209355e-01	3.649728e+00
1.000000001828978e+00	-1.315912e+00	3.649728e+00
1.000000002000000e+00	-1.999999e+00	3.649728e+00
1.000000002079557e+00	-2.000000e+00	3.649728e+00
1.000000002185632e+00	-2.000000e+00	3.649728e+00
1.000000002397680e+00	-2.000000e+00	3.649728e+00
1.000000002821776e+00	-2.000000e+00	3.649728e+00
1.000000003399386e+00	-2.000000e+00	3.649728e+00
1.000000004162624e+00	-2.000000e+00	3.649728e+00
1.000000005127362e+00	-2.000000e+00	3.649728e+00
1.000000006416433e+00	-2.000000e+00	3.649728e+00
1.000000008060518e+00	-2.000000e+00	3.649730e+00
1.000000010026949e+00	-2.000000e+00	3.649736e+00
1.000000012159443e+00	-2.000000e+00	3.649750e+00
1.000000014378177e+00	-2.000000e+00	3.649778e+00
1.000000017393580e+00	-2.000000e+00	3.649840e+00
1.000000020531170e+00	-2.000000e+00	3.649945e+00
1.000000026149817e+00	-2.000000e+00	3.650232e+00
1.000000032846382e+00	-2.000000e+00	3.650706e+00
1.000000040163791e+00	-2.000000e+00	3.651360e+00
1.000000047672691e+00	-2.000000e+00	3.652118e+00
1.000000056048115e+00	-2.000000e+00	3.652976e+00
1.000000065189473e+00	-2.000000e+00	3.653819e+00
1.000000075612390e+00	-2.000000e+00	3.654562e+00
1.000000086320938e+00	-2.000000e+00	3.655012e+00
1.000000097554187e+00	-2.000000e+00	3.655103e+00
1.000000109802023e+00	-2.000000e+00	3.654782e+00
1.000000124179223e+00	-2.000000e+00	3.653968e+00
1.000000139499099e+00	-2.000000e+00	3.652758e+00
1.000000157269949e+00	-2.000000e+00	3.651165e+00
1.000000177042998e+00	-2.000000e+00	3.649450e+00
1.000000197839485e+00	-2.000000e+00	3.647940e+00
1.000000216628256e+00	-2.000000e+00	3.646981e+00
1.000000237828432e+00	-2.000000e+00	3.646407e+00
1.000000260578188e+00	-2.000000e+00	3.646312e+00
1.000000290241341e+00	-2.000000e+00	3.646715e+00
1.000000312518192e+00	-2.000000e+00	3.647252e+00
1.000000330232782e+00	-2.000000e+00	3.647756e+00
1.000000347307648e+00	-2.000000e+00	3.648235e+00
1.000000364142288e+00	-2.000000e+00	3.648662e+00
1.000000380216299e+00	-2.000000e+00	3.649010e+00
1.000000395588985e+00	-2.000000e+00	3.649282e+00
1.000000409936816e+00	-2.000000e+00	3.649479e+00
1.000000425035022e+00	-2.000000e+00	3.649633e+00
1.000000439659445e+00	-2.000000e+00	3.649735e+00
1.000000455654161e+00	-2.000000e+00	3.649805e+00
1.000000471863991e+00	-2.000000e+00	3.649840e+00
1.000000488975102e+00	-2.000000e+00	3.649851e+00
1.000000505991431e+00	-2.000000e+00	3.649844e+00
1.000000523599165e+00	-2.000000e+00	3.649827e+00
1.000000541272831e+00	-2.000000e+00	3.649806e+00
1.000000560121271e+00	-2.000000e+00	3.649786e+00
1.000000573843957e+00	-2.000000e+00	3.649773e+00
1.000000587030527e+00	-2.000000e+00	3.649763e+00
1.000000601976635e+00	-2.000000e+00	3.649756e+00
1.000000619547637e+00	-2.000000e+00	3.649751e+00
1.000000636284376e+00	-2.000000e+00	3.649750e+00
1.000000655073209e+00	-2.000000e+00	3.649751e+00
1.000000674534836e+00	-2.000000e+00	3.649754e+00
1.000000698295350e+00	-2.000000e+00	3.649758e+00
1.000000727125928e+00	-2.000000e+00	3.649763e+00
1.000000763733858e+00	-2.000000e+00	3.649769e+00
1.000000795800585e+00	-2.000000e+00	3.649771e+00
1.000000831773718e+00	-2.000000e+00	3.649773e+00
1.000000869826176e+00	-2.000000e+00	3.649775e+00
1.000000920634194e+00	-2.000000e+00	3.649777e+00
1.000000995136797e+00	-2.000000e+00	3.649781e+00
1.000001165122615e+00	-2.000000e+00	3.649790e+00
1.003140092047000e+00	-2.000000e+00	3.807224e+00
1.006279018971385e+00	-2.000000e+00	3.951556e+00
1.009417945895770e+00	-2.000000e+00	4.082787e+00
1.012556872820155e+00	-2.000000e+00	4.200915e+00
1.015695799744539e+00	-2.000000e+00	4.305942e+00
1.018834726668924e+00	-2.000000e+00	4.397867e+00
1.021973653593309e+00	-2.000000e+00	4.476690e+00
1.031739278593309e+00	-2.000000e+00	4.648270e+00
1.041504903593309e+00	-2.000000e+00	4.685633e+00
1.051270528593309e+00	-2.000000e+00	4.588026e+00
1.061036153593309e+00	-2.000000e+00	4.357417e+00
1.070801778593309e+00	-2.000000e+00	3.998464e+00
1.080567403593309e+00	-2.000000e+00	3.518412e+00
1.090333028593309e+00	-2.000000e+00	2.926954e+00
1.100098653593309e+00	-2.000000e+00	2.236028e+00
1.109864278593309e+00	-2.000000e+00	1.459586e+00
1.119629903593309e+00	-2.000000e+00	6.132999e-01
1.129395528593309e+00	-2.000000e+00	-2.857437e-01
1.139161153593309e+00	-2.000000e+00	-1.219395e+00
1.148926778593309e+00	-2.000000e+00	-2.168805e+00
1.158692403593309e+00	-2.000000e+00	-3.114808e+00
1.168458028593309e+00	-2.000000e+00	-4.038304e+00
1.178223653593309e+00	-2.000000e+00	-4.920650e+00
1.187989278593309e+00	-2.000000e+00	-5.744034e+00
1.197754903593309e+00	-2.000000e+00	-6.491832e+00
1.207520528593309e+00	-2.000000e+00	-7.148948e+00
1.217286153593309e+00	-2.000000e+00	-7.702115e+00
1.227051778593309e+00	-2.000000e+00	-8.140167e+00
1.236817403593309e+00	-2.000000e+00	-8.454260e+00
1.246583028593309e+00	-2.000000e+00	-8.638052e+00
1.256348653593309e+00	-2.000000e+00	-8.687834e+00
1.266114278593309e+00	-2.000000e+00	-8.602599e+00
1.275879903593309e+00	-2.000000e+00	-8.384070e+00
1.285645528593309e+00	-2.000000e+00	-8.036657e+00
1.295411153593309e+00	-2.000000e+00	-7.567376e+00
1.305176778593309e+00	-2.000000e+00	-6.985698e+00
1.314942403593309e+00	-2.000000e+00	-6.303368e+00
1.324708028593309e+00	-2.000000e+00	-5.534160e+00
1.334473653593309e+00	-2.000000e+00	-4.693604e+00
1.344239278593309e+00	-2.000000e+00	-3.798668e+00
1.354004903593309e+00	-2.000000e+00	-2.867420e+00
1.363770528593309e+00	-2.000000e+00	-1.918661e+00
1.373536153593309e+00	-2.000000e+00	-9.715428e-01
1.383301778593309e+00	-2.000000e+00	-4.518767e-02
1.393067403593309e+00	-2.000000e+00	8.417034e-01
1.402833028593309e+00	-2.000000e+00	1.671226e+00
1.412598653593309e+00	-2.000000e+00	2.426632e+00
1.422364278593309e+00	-2.000000e+00	3.092674e+00
1.432129903593309e+00	-2.000000e+00	3.655903e+00
1.441895528593309e+00	-2.000000e+00	4.104949e+00
1.451661153593309e+00	-2.000000e+00	4.430748e+00
1.461426778593309e+00	-2.000000e+00	4.626721e+00
1.471192403593309e+00	-2.000000e+00	4.688912e+00
1.480958028593309e+00	-2.000000e+00	4.616066e+00
1.490723653593309e+00	-2.000000e+00	4.409654e+00
1.500489278593309e+00	-2.000000e+00	4.073843e+00
1.510254903593309e+00	-2.000000e+00	3.615410e+00
1.520020528593309e+00	-2.000000e+00	3.043613e+00
1.529786153593309e+00	-2.000000e+00	2.369994e+00
1.539551778593309e+00	-2.000000e+00	1.608153e+00
1.549317403593309e+00	-2.000000e+00	7.734701e-01
1.559083028593309e+00	-2.000000e+00	-1.172046e-01
1.568848653593309e+00	-2.000000e+00	-1.045889e+00
1.578614278593309e+00	-2.000000e+00	-1.993836e+00
1.588379903593309e+00	-2.000000e+00	-2.941907e+00
1.598145528593309e+00	-2.000000e+00	-3.870963e+00
1.607911153593309e+00	-2.000000e+00	-4.762247e+00
1.617676778593309e+00	-2.000000e+00	-5.597766e+00
1.627442403593309e+00	-2.000000e+00	-6.360652e+00
1.637208028593309e+00	-2.000000e+00	-7.035504e+00
1.646973653593309e+00	-2.000000e+00	-7.608699e+00
1.656739278593309e+00	-2.000000e+00	-8.068664e+00
1.666504903593309e+00	-2.000000e+00	-8.406113e+00
1.676270528593309e+00	-2.000000e+00	-8.614233e+00
1.686036153593309e+00	-2.000000e+00	-8.688824e+00
1.695801778593309e+00	-2.000000e+00	-8.628379e+00
1.705567403593309e+00	-2.000000e+00	-8.434118e+00
1.715333028593309e+00	-2.000000e+00	-8.109964e+00
1.725098653593309e+00	-2.000000e+00	-7.662461e+00
1.734864278593309e+00	-2.000000e+00	-7.100642e+00
1.744629903593309e+00	-2.000000e+00	-6.435850e+00
1.754395528593309e+00	-2.000000e+00	-5.681506e+00
1.764161153593309e+00	-2.000000e+00	-4.852839e+00
1.773926778593309e+00	-2.000000e+00	-3.966577e+00
1.783692403593309e+00	-2.000000e+00	-3.040614e+00
1.793458028593309e+00	-2.000000e+00	-2.093643e+00
1.803223653593309e+00	-2.000000e+00	-1.144780e+00
1.812989278593309e+00	-2.000000e+00	-2.131835e-01
1.822754903593309e+00	-2.000000e+00	6.823409e-01
1.832520528593309e+00	-2.000000e+00	1.523714e+00
1.842286153593309e+00	-2.000000e+00	2.293949e+00
1.852051778593309e+00	-2.000000e+00	2.977498e+00
1.861817403593309e+00	-2.000000e+00	3.560559e+00
1.871583028593309e+00	-2.000000e+00	4.031363e+00
1.881348653593309e+00	-2.000000e+00	4.380404e+00
1.891114278593309e+00	-2.000000e+00	4.600636e+00
1.900879903593309e+00	-2.000000e+00	4.687614e+00
1.910645528593309e+00	-2.000000e+00	4.639580e+00
1.920411153593309e+00	-2.000000e+00	4.457505e+00
1.930176778593309e+00	-2.000000e+00	4.145064e+00
1.939942403593309e+00	-2.000000e+00	3.708566e+00
1.949708028593309e+00	-2.000000e+00	3.156821e+00
1.959473653593309e+00	-2.000000e+00	2.500970e+00
1.969239278593309e+00	-2.000000e+00	1.754252e+00
1.979004903593309e+00	-2.000000e+00	9.317427e-01
1.988770528593309e+00	-2.000000e+00	5.859264e-02
1.990234375000000e+00	-2.000000e+00	-7.707322e-02
1.994144614373237e+00	-2.000000e+00	-4.471150e-01
2.000000000000000e+00	-2.000000e+00	-1.010498e+00
2.000000000100000e+00	-1.600000e+00	-1.010498e+00
2.000000000300000e+00	-7.999999e-01	-1.010498e+00
2.000000000452861e+00	-1.885548e-01	-1.010498e+00
2.000000000605167e+00	4.206699e-01	-1.010498e+00
2.000000000828933e+00	1.315732e+00	-1.010498e+00
2.000000001000000e+00	2.000000e+00	-1.010498e+00
2.000000001079550e+00	2.000000e+00	-1.010498e+00
2.000000001185616e+00	2.000000e+00	-1.010498e+00
2.000000001397617e+00	2.000000e+00	-1.010498e+00
2.000000001821617e+00	2.000000e+00	-1.010498e+00
2.000000002399183e+00	2.000000e+00	-1.010498e+00
2.000000003162325e+00	2.000000e+00	-1.010498e+00
2.000000004126999e+00	2.000000e+00	-1.010498e+00
2.000000005415927e+00	2.000000e+00	-1.010498e+00
2.000000007061517e+00	2.000000e+00	-1.010500e+00
2.000000008995847e+00	2.000000e+00	-1.010506e+00
2.000000011104422e+00	2.000000e+00	-1.010520e+00
2.000000013240192e+00	2.000000e+00	-1.010547e+00
2.000000016080020e+00	2.000000e+00	-1.010605e+00
2.000000019034163e+00	2.000000e+00	-1.010702e+00
2.000000023877505e+00	2.000000e+00	-1.010945e+00
2.000000030684852e+00	2.000000e+00	-1.011427e+00
2.000000037731849e+00	2.000000e+00	-1.012066e+00
2.000000045344094e+00	2.000000e+00	-1.012864e+00
2.000000053259591e+00	2.000000e+00	-1.013718e+00
2.000000062220471e+00	2.000000e+00	-1.014608e+00
2.000000071889940e+00	2.000000e+00	-1.015370e+00
2.000000082605074e+00	2.000000e+00	-1.015899e+00
2.000000093022398e+00	2.000000e+00	-1.016045e+00
2.000000104842505e+00	2.000000e+00	-1.015778e+00
2.000000117746727e+00	2.000000e+00	-1.015047e+00
2.000000134383192e+00	2.000000e+00	-1.013663e+00
2.000000151157653e+00	2.000000e+00	-1.012037e+00
2.000000171027775e+00	2.000000e+00	-1.010123e+00
2.000000188502161e+00	2.000000e+00	-1.008695e+00
2.000000207957838e+00	2.000000e+00	-1.007546e+00
2.000000225874864e+00	2.000000e+00	-1.006957e+00
2.000000247594074e+00	2.000000e+00	-1.006803e+00
2.000000271222034e+00	2.000000e+00	-1.007110e+00
2.000000290322506e+00	2.000000e+00	-1.007612e+00
2.000000307208755e+00	2.000000e+00	-1.008162e+00
2.000000323720503e+00	2.000000e+00	-1.008715e+00
2.000000339836708e+00	2.000000e+00	-1.009217e+00
2.000000356910088e+00	2.000000e+00	-1.009679e+00
2.000000372525605e+00	2.000000e+00	-1.010023e+00
2.000000388307948e+00	2.000000e+00	-1.010290e+00
2.000000403438371e+00	2.000000e+00	-1.010473e+00
2.000000419172992e+00	2.000000e+00	-1.010597e+00
2.000000435854473e+00	2.000000e+00	-1.010671e+00
2.000000452504876e+00	2.000000e+00	-1.010699e+00
2.000000469785432e+00	2.000000e+00	-1.010696e+00
2.000000486970844e+00	2.000000e+00	-1.010674e+00
2.000000504599916e+00	2.000000e+00	-1.010642e+00
2.000000522254599e+00	2.000000e+00	-1.010610e+00
2.000000540590434e+00	2.000000e+00	-1.010580e+00
2.000000555423930e+00	2.000000e+00	-1.010562e+00
2.000000569932335e+00	2.000000e+00	-1.010549e+00
2.000000585318379e+00	2.000000e+00	-1.010541e+00
2.000000602840834e+00	2.000000e+00	-1.010537e+00
2.000000619573991e+00	2.000000e+00	-1.010538e+00
2.000000637281844e+00	2.000000e+00	-1.010541e+00
2.000000654280362e+00	2.000000e+00	-1.010546e+00
2.000000673370716e+00	2.000000e+00	-1.010553e+00
2.000000696481742e+00	2.000000e+00	-1.010560e+00
2.000000731586887e+00	2.000000e+00	-1.010569e+00
2.000000756671299e+00	2.000000e+00	-1.010573e+00
2.000000782292866e+00	2.000000e+00	-1.010576e+00
2.000000813648551e+00	2.000000e+00	-1.010579e+00
2.000000846063186e+00	2.000000e+00	-1.010581e+00
2.000000889803574e+00	2.000000e+00	-1.010584e+00
2.000000959731037e+00	2.000000e+00	-1.010591e+00
2.000001028798205e+00	2.000000e+00	-1.010597e+00
2.000001097037420e+00	2.000000e+00	-1.010604e+00
2.004218916346295e+00	2.000000e+00	-1.411427e+00
2.008436735655170e+00	2.000000e+00	-1.796303e+00
2.012654554964044e+00	2.000000e+00	-2.165232e+00
2.016872374272919e+00	2.000000e+00	-2.518215e+00
2.021090193581794e+00	2.000000e+00	-2.855250e+00
2.025308012890669e+00	2.000000e+00	-3.176339e+00
2.029525832199544e+00	2.000000e+00	-3.481481e+00
2.039291457199544e+00	2.000000e+00	-4.101388e+00
2.049057082199544e+00	2.000000e+00	-4.598118e+00
2.058822707199544e+00	2.000000e+00	-4.961644e+00
2.068588332199544e+00	2.000000e+00	-5.184628e+00
2.078353957199544e+00	2.000000e+00	-5.262566e+00
2.088119582199544e+00	2.000000e+00	-5.193885e+00
2.097885207199544e+00	2.000000e+00	-4.979973e+00
2.107650832199544e+00	2.000000e+00	-4.625148e+00
2.117416457199544e+00	2.000000e+00	-4.136573e+00
2.127182082199544e+00	2.000000e+00	-3.524112e+00
2.136947707199544e+00	2.000000e+00	-2.800128e+00
2.146713332199544e+00	2.000000e+00	-1.979238e+00
2.156478957199544e+00	2.000000e+00	-1.078015e+00
2.166244582199544e+00	2.000000e+00	-1.146521e-01
2.176010207199544e+00	2.000000e+00	8.914019e-01
2.185775832199544e+00	2.000000e+00	1.919837e+00
2.195541457199544e+00	2.000000e+00	2.949889e+00
2.205307082199544e+00	2.000000e+00	3.960766e+00
2.215072707199544e+00	2.000000e+00	4.932057e+00
2.224838332199544e+00	2.000000e+00	5.844156e+00
2.234603957199544e+00	2.000000e+00	6.678648e+00
2.244369582199544e+00	2.000000e+00	7.418685e+00
2.254135207199544e+00	2.000000e+00	8.049330e+00
2.263900832199544e+00	2.000000e+00	8.557848e+00
2.273666457199544e+00	2.000000e+00	8.933975e+00
2.283432082199544e+00	2.000000e+00	9.170118e+00
2.293197707199544e+00	2.000000e+00	9.261509e+00
2.302963332199544e+00	2.000000e+00	9.206302e+00
2.312728957199544e+00	2.000000e+00	9.005612e+00
2.322494582199544e+00	2.000000e+00	8.663491e+00
2.332260207199544e+00	2.000000e+00	8.186847e+00
2.342025832199544e+00	2.000000e+00	7.585299e+00
2.351791457199544e+00	2.000000e+00	6.870996e+00
2.361557082199544e+00	2.000000e+00	6.058354e+00
2.371322707199544e+00	2.000000e+00	5.163782e+00
2.381088332199544e+00	2.000000e+00	4.205338e+00
2.390853957199544e+00	2.000000e+00	3.202372e+00
2.400619582199544e+00	2.000000e+00	2.175132e+00
2.410385207199544e+00	2.000000e+00	1.144357e+00
2.420150832199544e+00	2.000000e+00	1.308551e-01
2.429916457199544e+00	2.000000e+00	-8.449121e-01
2.439682082199544e+00	2.000000e+00	-1.763246e+00
2.449447707199544e+00	2.000000e+00	-2.605606e+00
2.459213332199544e+00	2.000000e+00	-3.354988e+00
2.468978957199544e+00	2.000000e+00	-3.996262e+00
2.478744582199544e+00	2.000000e+00	-4.516482e+00
2.488510207199544e+00	2.000000e+00	-4.905146e+00
2.498275832199544e+00	2.000000e+00	-5.154408e+00
2.508041457199544e+00	2.000000e+00	-5.259234e+00
2.517807082199544e+00	2.000000e+00	-5.217509e+00
2.527572707199544e+00	2.000000e+00	-5.030077e+00
2.537338332199544e+00	2.000000e+00	-4.700719e+00
2.547103957199544e+00	2.000000e+00	-4.236085e+00
2.556869582199544e+00	2.000000e+00	-3.645556e+00
2.566635207199544e+00	2.000000e+00	-2.941054e+00
2.576400832199544e+00	2.000000e+00	-2.136800e+00
2.586166457199544e+00	2.000000e+00	-1.249032e+00
2.595932082199544e+00	2.000000e+00	-2.956715e-01
2.605697707199544e+00	2.000000e+00	7.040344e-01
2.615463332199544e+00	2.000000e+00	1.729904e+00
2.625228957199544e+00	2.000000e+00	2.761225e+00
2.634994582199544e+00	2.000000e+00	3.777179e+00
2.644760207199544e+00	2.000000e+00	4.757255e+00
2.654525832199544e+00	2.000000e+00	5.681667e+00
2.664291457199544e+00	2.000000e+00	6.531752e+00
2.674057082199544e+00	2.000000e+00	7.290349e+00
2.683822707199544e+00	2.000000e+00	7.942143e+00
2.693588332199544e+00	2.000000e+00	8.473975e+00
2.703353957199544e+00	2.000000e+00	8.875110e+00
2.713119582199544e+00	2.000000e+00	9.137447e+00
2.722885207199544e+00	2.000000e+00	9.255692e+00
2.732650832199544e+00	2.000000e+00	9.227458e+00
2.742416457199544e+00	2.000000e+00	9.053313e+00
2.752182082199544e+00	2.000000e+00	8.736774e+00
2.761947707199544e+00	2.000000e+00	8.284233e+00
2.771713332199544e+00	2.000000e+00	7.704823e+00
2.781478957199544e+00	2.000000e+00	7.010242e+00
2.791244582199544e+00	2.000000e+00	6.214514e+00
2.801010207199544e+00	2.000000e+00	5.333702e+00
2.810775832199544e+00	2.000000e+00	4.385588e+00
2.820541457199544e+00	2.000000e+00	3.389312e+00
2.830307082199544e+00	2.000000e+00	2.364989e+00
2.840072707199544e+00	2.000000e+00	1.333298e+00
2.849838332199544e+00	2.000000e+00	3.150654e-01
2.859603957199544e+00	2.000000e+00	-6.691512e-01
2.869369582199544e+00	2.000000e+00	-1.599483e+00
2.879135207199544e+00	2.000000e+00	-2.457147e+00
2.888900832199544e+00	2.000000e+00	-3.224829e+00
2.898666457199544e+00	2.000000e+00	-3.887032e+00
2.908432082199544e+00	2.000000e+00	-4.430386e+00
2.918197707199544e+00	2.000000e+00	-4.843922e+00
2.927963332199544e+00	2.000000e+00	-5.119291e+00
2.937728957199544e+00	2.000000e+00	-5.250935e+00
2.947494582199544e+00	2.000000e+00	-5.236195e+00
2.957260207199544e+00	2.000000e+00	-5.075369e+00
2.967025832199544e+00	2.000000e+00	-4.771704e+00
2.976791457199544e+00	2.000000e+00	-4.331330e+00
2.986557082199544e+00	2.000000e+00	-3.780977e+00
2.992645413399087e+00	2.000000e+00	-3.373926e+00
3.000000001000000e+00	2.000000e+00	-2.816221e+00
3.000000001100000e+00	1.600000e+00	-2.816221e+00
3.000000001300000e+00	7.999999e-01	-2.816221e+00
3.000000001452791e+00	1.888354e-01	-2.816221e+00
3.000000001605020e+00	-4.200784e-01	-2.816221e+00
3.000000001828833e+00	-1.315332e+00	-2.816221e+00
3.000000002000000e+00	-2.000000e+00	-2.816221e+00
3.000000002079535e+00	-2.000000e+00	-2.816221e+00
3.000000002185582e+00	-2.000000e+00	-2.816221e+00
3.000000002397477e+00	-2.000000e+00	-2.816221e+00
3.000000002821265e+00	-2.000000e+00	-2.816221e+00
3.000000003398720e+00	-2.000000e+00	-2.816221e+00
3.000000004161625e+00	-2.000000e+00	-2.816221e+00
3.000000005126097e+00	-2.000000e+00	-2.816221e+00
3.000000006414585e+00	-2.000000e+00	-2.816220e+00
3.000000008057928e+00	-2.000000e+00	-2.816218e+00
3.000000010040029e+00	-2.000000e+00	-2.816212e+00
3.000000012168617e+00	-2.000000e+00	-2.816198e+00
3.000000014406326e+00	-2.000000e+00	-2.816169e+00
3.000000017495156e+00	-2.000000e+00	-2.816103e+00
3.000000020713331e+00	-2.000000e+00	-2.815989e+00
3.000000026542670e+00	-2.000000e+00	-2.815678e+00
3.000000033028922e+00	-2.000000e+00	-2.815200e+00
3.000000040451076e+00	-2.000000e+00	-2.814512e+00
3.000000047780146e+00	-2.000000e+00	-2.813749e+00
3.000000056301777e+00	-2.000000e+00	-2.812851e+00
3.000000065351606e+00	-2.000000e+00	-2.811998e+00
3.000000076009084e+00	-2.000000e+00	-2.811223e+00
3.000000086395411e+00	-2.000000e+00	-2.810782e+00
3.000000097758018e+00	-2.000000e+00	-2.810692e+00
3.000000109747923e+00	-2.000000e+00	-2.811017e+00
3.000000124297476e+00	-2.000000e+00	-2.811863e+00
3.000000139407038e+00	-2.000000e+00	-2.813085e+00
3.000000157406103e+00	-2.000000e+00	-2.814739e+00
3.000000177053376e+00	-2.000000e+00	-2.816497e+00
3.000000195522113e+00	-2.000000e+00	-2.817891e+00
3.000000215361580e+00	-2.000000e+00	-2.818970e+00
3.000000235230575e+00	-2.000000e+00	-2.819572e+00
3.000000258751510e+00	-2.000000e+00	-2.819728e+00
3.000000286198297e+00	-2.000000e+00	-2.819402e+00
3.000000308457283e+00	-2.000000e+00	-2.818877e+00
3.000000326771539e+00	-2.000000e+00	-2.818350e+00
3.000000344224467e+00	-2.000000e+00	-2.817844e+00
3.000000361338048e+00	-2.000000e+00	-2.817389e+00
3.000000377764236e+00	-2.000000e+00	-2.817012e+00
3.000000393546914e+00	-2.000000e+00	-2.816714e+00
3.000000407533336e+00	-2.000000e+00	-2.816507e+00
3.000000422467747e+00	-2.000000e+00	-2.816341e+00
3.000000437753678e+00	-2.000000e+00	-2.816221e+00
3.000000453028630e+00	-2.000000e+00	-2.816146e+00
3.000000469556038e+00	-2.000000e+00	-2.816102e+00
3.000000486097851e+00	-2.000000e+00	-2.816086e+00
3.000000503377077e+00	-2.000000e+00	-2.816089e+00
3.000000520542871e+00	-2.000000e+00	-2.816104e+00
3.000000538303764e+00	-2.000000e+00	-2.816123e+00
3.000000556515806e+00	-2.000000e+00	-2.816144e+00
3.000000571880681e+00	-2.000000e+00	-2.816159e+00
3.000000585442169e+00	-2.000000e+00	-2.816168e+00
3.000000600191774e+00	-2.000000e+00	-2.816176e+00
3.000000617931094e+00	-2.000000e+00	-2.816181e+00
3.000000634453087e+00	-2.000000e+00	-2.816182e+00
3.000000653297347e+00	-2.000000e+00	-2.816181e+00
3.000000672436476e+00	-2.000000e+00	-2.816177e+00
3.000000696032726e+00	-2.000000e+00	-2.816172e+00
3.000000724038916e+00	-2.000000e+00	-2.816166e+00
3.000000763554692e+00	-2.000000e+00	-2.816159e+00
3.000000796528154e+00	-2.000000e+00	-2.816156e+00
3.000000832227160e+00	-2.000000e+00	-2.816153e+00
3.000000870149686e+00	-2.000000e+00	-2.816150e+00
3.000000920815764e+00	-2.000000e+00	-2.816147e+00
3.000000991710903e+00	-2.000000e+00	-2.816142e+00
3.000001159179146e+00	-2.000000e+00	-2.816128e+00
3.001590054210550e+00	-2.000000e+00	-2.688553e+00
3.003178949241954e+00	-2.000000e+00	-2.560851e+00
3.004767844273359e+00	-2.000000e+00	-2.433022e+00
3.006356739304762e+00	-2.000000e+00	-2.305065e+00
3.007945634336166e+00	-2.000000e+00	-2.176982e+00
3.009534529367570e+00	-2.000000e+00	-2.048770e+00
3.011123424398974e+00	-2.000000e+00	-1.920432e+00
3.020889049398974e+00	-2.000000e+00	-1.139023e+00
3.030654674398974e+00	-2.000000e+00	-3.753101e-01
3.040420299398974e+00	-2.000000e+00	3.556038e-01
3.050185924398974e+00	-2.000000e+00	1.038962e+00
3.059951549398974e+00	-2.000000e+00	1.660970e+00
3.069717174398974e+00	-2.000000e+00	2.209069e+00
3.079482799398974e+00	-2.000000e+00	2.672194e+00
3.089248424398974e+00	-2.000000e+00	3.040997e+00
3.099014049398974e+00	-2.000000e+00	3.308030e+00
3.108779674398974e+00	-2.000000e+00	3.467904e+00
3.118545299398974e+00	-2.000000e+00	3.517391e+00
3.128310924398974e+00	-2.000000e+00	3.455491e+00
3.138076549398974e+00	-2.000000e+00	3.283455e+00
3.147842174398974e+00	-2.000000e+00	3.004755e+00
3.157607799398974e+00	-2.000000e+00	2.625018e+00
3.167373424398974e+00	-2.000000e+00	2.151910e+00
3.177139049398974e+00	-2.000000e+00	1.594983e+00
3.186904674398974e+00	-2.000000e+00	9.654793e-01
3.196670299398974e+00	-2.000000e+00	2.761079e-01
3.206435924398974e+00	-2.000000e+00	-4.592140e-01
3.216201549398974e+00	-2.000000e+00	-1.225642e+00
3.225967174398974e+00	-2.000000e+00	-2.007702e+00
3.235732799398974e+00	-2.000000e+00	-2.789607e+00
3.245498424398974e+00	-2.000000e+00	-3.555571e+00
3.255264049398974e+00	-2.000000e+00	-4.290131e+00
3.265029674398974e+00	-2.000000e+00	-4.978456e+00
3.274795299398974e+00	-2.000000e+00	-5.606653e+00
3.284560924398974e+00	-2.000000e+00	-6.162037e+00
3.294326549398974e+00	-2.000000e+00	-6.633396e+00
3.304092174398974e+00	-2.000000e+00	-7.011216e+00
3.313857799398974e+00	-2.000000e+00	-7.287868e+00
3.323623424398974e+00	-2.000000e+00	-7.457767e+00
3.333389049398974e+00	-2.000000e+00	-7.517482e+00
3.343154674398974e+00	-2.000000e+00	-7.465810e+00
3.352920299398974e+00	-2.000000e+00	-7.303793e+00
3.362685924398974e+00	-2.000000e+00	-7.034701e+00
3.372451549398974e+00	-2.000000e+00	-6.663968e+00
3.382217174398974e+00	-2.000000e+00	-6.199077e+00
3.391982799398974e+00	-2.000000e+00	-5.649413e+00
3.401748424398974e+00	-2.000000e+00	-5.026074e+00
3.411514049398974e+00	-2.000000e+00	-4.341645e+00
3.421279674398974e+00	-2.000000e+00	-3.609941e+00
3.431045299398974e+00	-2.000000e+00	-2.845735e+00
3.440810924398974e+00	-2.000000e+00	-2.064456e+00
3.450576549398974e+00	-2.000000e+00	-1.281874e+00
3.460342174398974e+00	-2.000000e+00	-5.137907e-01
3.470107799398974e+00	-2.000000e+00	2.242891e-01
3.479873424398974e+00	-2.000000e+00	9.174646e-01
3.489639049398974e+00	-2.000000e+00	1.551742e+00
3.499404674398974e+00	-2.000000e+00	2.114316e+00
3.509170299398974e+00	-2.000000e+00	2.593829e+00
3.518935924398974e+00	-2.000000e+00	2.980601e+00
3.528701549398974e+00	-2.000000e+00	3.266824e+00
3.538467174398974e+00	-2.000000e+00	3.446719e+00
3.548232799398974e+00	-2.000000e+00	3.516654e+00
3.557998424398974e+00	-2.000000e+00	3.475218e+00
3.567764049398974e+00	-2.000000e+00	3.323247e+00
3.577529674398974e+00	-2.000000e+00	3.063809e+00
3.587295299398974e+00	-2.000000e+00	2.702142e+00
3.597060924398974e+00	-2.000000e+00	2.245547e+00
3.606826549398974e+00	-2.000000e+00	1.703242e+00
3.616592174398974e+00	-2.000000e+00	1.086176e+00
3.626357799398974e+00	-2.000000e+00	4.068044e-01
3.636123424398974e+00	-2.000000e+00	-3.211558e-01
3.645889049398974e+00	-2.000000e+00	-1.083009e+00
3.655654674398974e+00	-2.000000e+00	-1.863374e+00
3.665420299398974e+00	-2.000000e+00	-2.646498e+00
3.675185924398974e+00	-2.000000e+00	-3.416570e+00
3.684951549398974e+00	-2.000000e+00	-4.158043e+00
3.694717174398974e+00	-2.000000e+00	-4.855950e+00
3.704482799398974e+00	-2.000000e+00	-5.496200e+00
3.714248424398974e+00	-2.000000e+00	-6.065867e+00
3.724014049398974e+00	-2.000000e+00	-6.553452e+00
3.733779674398974e+00	-2.000000e+00	-6.949111e+00
3.743545299398974e+00	-2.000000e+00	-7.244855e+00
3.753310924398974e+00	-2.000000e+00	-7.434716e+00
3.763076549398974e+00	-2.000000e+00	-7.514858e+00
3.772842174398974e+00	-2.000000e+00	-7.483665e+00
3.782607799398974e+00	-2.000000e+00	-7.341767e+00
3.792373424398974e+00	-2.000000e+00	-7.092028e+00
3.802139049398974e+00	-2.000000e+00	-6.739490e+00
3.811904674398974e+00	-2.000000e+00	-6.291269e+00
3.821670299398974e+00	-2.000000e+00	-5.756415e+00
3.831435924398974e+00	-2.000000e+00	-5.145725e+00
3.841201549398974e+00	-2.000000e+00	-4.471529e+00
3.850967174398974e+00	-2.000000e+00	-3.747437e+00
3.860732799398974e+00	-2.000000e+00	-2.988067e+00
3.870498424398974e+00	-2.000000e+00	-2.208749e+00
3.880264049398974e+00	-2.000000e+00	-1.425217e+00
3.890029674398974e+00	-2.000000e+00	-6.532888e-01
3.899795299398974e+00	-2.000000e+00	9.145191e-02
3.909560924398974e+00	-2.000000e+00	7.939700e-01
3.919326549398974e+00	-2.000000e+00	1.440083e+00
3.929092174398974e+00	-2.000000e+00	2.016747e+00
3.938857799398974e+00	-2.000000e+00	2.512320e+00
3.948623424398974e+00	-2.000000e+00	2.916797e+00
3.958389049398974e+00	-2.000000e+00	3.222013e+00
3.968154674398974e+00	-2.000000e+00	3.421806e+00
3.977920299398974e+00	-2.000000e+00	3.512142e+00
3.987685924398974e+00	-2.000000e+00	3.511739e+00
3.990234375000000e+00	-2.000000e+00	3.491332e+00
3.995331276202052e+00	-2.000000e+00	3.417679e+00
4.000000000000000e+00	-2.000000e+00	3.333601e+00
4.000000000100000e+00	-1.600000e+00	3.333601e+00
4.000000000300000e+00	-7.999999e-01	3.333601e+00
4.000000000452764e+00	-1.889438e-01	3.333601e+00
4.000000000604963e+00	4.198528e-01	3.333601e+00
4.000000000828795e+00	1.315179e+00	3.333601e+00
4.000000001000000e+00	2.000000e+00	3.333601e+00
4.000000001079530e+00	2.000000e+00	3.333601e+00
4.000000001185570e+00	2.000000e+00	3.333601e+00
4.000000001397424e+00	2.000000e+00	3.333601e+00
4.000000001821133e+00	2.000000e+00	3.333601e+00
4.000000002398545e+00	2.000000e+00	3.333601e+00
4.000000003161364e+00	2.000000e+00	3.333601e+00
4.000000004125765e+00	2.000000e+00	3.333601e+00
4.000000005414094e+00	2.000000e+00	3.333601e+00
4.000000007056647e+00	2.000000e+00	3.333599e+00
4.000000008990334e+00	2.000000e+00	3.333593e+00
4.000000011100761e+00	2.000000e+00	3.333580e+00
4.000000013245335e+00	2.000000e+00	3.333553e+00
4.000000016173461e+00	2.000000e+00	3.333494e+00
4.000000019147432e+00	2.000000e+00	3.333399e+00
4.000000024205507e+00	2.000000e+00	3.333149e+00
4.000000031058470e+00	2.000000e+00	3.332678e+00
4.000000038000588e+00	2.000000e+00	3.332070e+00
4.000000045616242e+00	2.000000e+00	3.331308e+00
4.000000053544101e+00	2.000000e+00	3.330497e+00
4.000000062623321e+00	2.000000e+00	3.329649e+00
4.000000072391624e+00	2.000000e+00	3.328936e+00
4.000000083329445e+00	2.000000e+00	3.328453e+00
4.000000093971122e+00	2.000000e+00	3.328346e+00
4.000000106157752e+00	2.000000e+00	3.328654e+00
4.000000119520505e+00	2.000000e+00	3.329418e+00
4.000000136487032e+00	2.000000e+00	3.330799e+00
4.000000153490378e+00	2.000000e+00	3.332374e+00
4.000000173723031e+00	2.000000e+00	3.334195e+00
4.000000191898552e+00	2.000000e+00	3.335549e+00
4.000000211290793e+00	2.000000e+00	3.336551e+00
4.000000230102844e+00	2.000000e+00	3.337047e+00
4.000000252425198e+00	2.000000e+00	3.337105e+00
4.000000275311474e+00	2.000000e+00	3.336754e+00
4.000000293931198e+00	2.000000e+00	3.336260e+00
4.000000310682849e+00	2.000000e+00	3.335735e+00
4.000000327102457e+00	2.000000e+00	3.335220e+00
4.000000344860124e+00	2.000000e+00	3.334710e+00
4.000000360878232e+00	2.000000e+00	3.334318e+00
4.000000376933555e+00	2.000000e+00	3.334003e+00
4.000000392096585e+00	2.000000e+00	3.333779e+00
4.000000407822772e+00	2.000000e+00	3.333616e+00
4.000000423336648e+00	2.000000e+00	3.333515e+00
4.000000440252722e+00	2.000000e+00	3.333457e+00
4.000000456850139e+00	2.000000e+00	3.333440e+00
4.000000474335312e+00	2.000000e+00	3.333450e+00
4.000000491460822e+00	2.000000e+00	3.333475e+00
4.000000509225609e+00	2.000000e+00	3.333507e+00
4.000000526882872e+00	2.000000e+00	3.333539e+00
4.000000545560393e+00	2.000000e+00	3.333567e+00
4.000000558245660e+00	2.000000e+00	3.333582e+00
4.000000571972339e+00	2.000000e+00	3.333594e+00
4.000000587517500e+00	2.000000e+00	3.333602e+00
4.000000604835053e+00	2.000000e+00	3.333606e+00
4.000000621834827e+00	2.000000e+00	3.333606e+00
4.000000639354275e+00	2.000000e+00	3.333604e+00
4.000000656496253e+00	2.000000e+00	3.333600e+00
4.000000676013431e+00	2.000000e+00	3.333595e+00
4.000000700103666e+00	2.000000e+00	3.333590e+00
4.000000739033263e+00	2.000000e+00	3.333584e+00
4.000000768122579e+00	2.000000e+00	3.333581e+00
4.000000796055883e+00	2.000000e+00	3.333581e+00
4.000000826953304e+00	2.000000e+00	3.333581e+00
4.000000862465116e+00	2.000000e+00	3.333581e+00
4.000000912837780e+00	2.000000e+00	3.333581e+00
4.000000964199198e+00	2.000000e+00	3.333580e+00
4.000001028471766e+00	2.000000e+00	3.333578e+00
4.000001095862929e+00	2.000000e+00	3.333577e+00
4.003644213967518e+00	2.000000e+00	3.249545e+00
4.007287332072107e+00	2.000000e+00	3.162767e+00
4.010930450176696e+00	2.000000e+00	3.073241e+00
4.014573568281286e+00	2.000000e+00	2.980968e+00
4.018216686385874e+00	2.000000e+00	2.885948e+00
4.021859804490464e+00	2.000000e+00	2.788181e+00
4.025502922595052e+00	2.000000e+00	2.687666e+00
4.035268547595052e+00	2.000000e+00	2.412920e+00
4.045034172595052e+00	2.000000e+00	2.129838e+00
4.054799797595052e+00	2.000000e+00	1.844135e+00
4.064565422595052e+00	2.000000e+00	1.561579e+00
4.074331047595052e+00	2.000000e+00	1.287873e+00
4.084096672595052e+00	2.000000e+00	1.028543e+00
4.093862297595052e+00	2.000000e+00	7.888255e-01
4.103627922595052e+00	2.000000e+00	5.735593e-01
4.113393547595052e+00	2.000000e+00	3.870902e-01
4.123159172595052e+00	2.000000e+00	2.331828e-01
4.132924797595052e+00	2.000000e+00	1.149442e-01
4.142690422595052e+00	2.000000e+00	3.476147e-02
4.152456047595052e+00	2.000000e+00	-5.746718e-03
4.162221672595052e+00	2.000000e+00	-5.762542e-03
4.171987297595052e+00	2.000000e+00	3.471432e-02
4.181752922595052e+00	2.000000e+00	1.148667e-01
4.191518547595052e+00	2.000000e+00	2.330765e-01
4.201284172595052e+00	2.000000e+00	3.869573e-01
4.211049797595052e+00	2.000000e+00	5.734023e-01
4.220815422595052e+00	2.000000e+00	7.886479e-01
4.230581047595052e+00	2.000000e+00	1.028348e+00
4.240346672595052e+00	2.000000e+00	1.287665e+00
4.250112297595052e+00	2.000000e+00	1.561362e+00
4.259877922595052e+00	2.000000e+00	1.843914e+00
4.269643547595052e+00	2.000000e+00	2.129617e+00
4.279409172595052e+00	2.000000e+00	2.412703e+00
4.289174797595052e+00	2.000000e+00	2.687458e+00
4.298940422595052e+00	2.000000e+00	2.948334e+00
4.308706047595052e+00	2.000000e+00	3.190064e+00
4.318471672595052e+00	2.000000e+00	3.407769e+00
4.328237297595052e+00	2.000000e+00	3.597054e+00
4.338002922595052e+00	2.000000e+00	3.754097e+00
4.347768547595052e+00	2.000000e+00	3.875727e+00
4.357534172595052e+00	2.000000e+00	3.959490e+00
4.367299797595052e+00	2.000000e+00	4.003694e+00
4.377065422595052e+00	2.000000e+00	4.007447e+00
4.386831047595052e+00	2.000000e+00	3.970673e+00
4.396596672595052e+00	2.000000e+00	3.894114e+00
4.406362297595052e+00	2.000000e+00	3.779316e+00
4.416127922595052e+00	2.000000e+00	3.628597e+00
4.425893547595052e+00	2.000000e+00	3.445000e+00
4.435659172595052e+00	2.000000e+00	3.232230e+00
4.445424797595052e+00	2.000000e+00	2.994584e+00
4.455190422595052e+00	2.000000e+00	2.736858e+00
4.464956047595052e+00	2.000000e+00	2.464257e+00
4.474721672595052e+00	2.000000e+00	2.182282e+00
4.484487297595052e+00	2.000000e+00	1.896628e+00
4.494252922595052e+00	2.000000e+00	1.613061e+00
4.504018547595052e+00	2.000000e+00	1.337305e+00
4.513784172595052e+00	2.000000e+00	1.074927e+00
4.523549797595052e+00	2.000000e+00	8.312253e-01
4.533315422595052e+00	2.000000e+00	6.111186e-01
4.543081047595052e+00	2.000000e+00	4.190509e-01
4.552846672595052e+00	2.000000e+00	2.588996e-01
4.562612297595052e+00	2.000000e+00	1.338979e-01
4.572377922595052e+00	2.000000e+00	4.656938e-02
4.582143547595052e+00	2.000000e+00	-1.322929e-03
4.591909172595052e+00	2.000000e+00	-8.812181e-03
4.601674797595052e+00	2.000000e+00	2.425282e-02
4.611440422595052e+00	2.000000e+00	9.720455e-02
4.621206047595052e+00	2.000000e+00	2.085703e-01
4.630971672595052e+00	2.000000e+00	3.561016e-01
4.640737297595052e+00	2.000000e+00	5.368204e-01
4.650502922595052e+00	2.000000e+00	7.470779e-01
4.660268547595052e+00	2.000000e+00	9.826297e-01
4.670034172595052e+00	2.000000e+00	1.238720e+00
4.679799797595052e+00	2.000000e+00	1.510180e+00
4.689565422595052e+00	2.000000e+00	1.791527e+00
4.699331047595052e+00	2.000000e+00	2.077084e+00
4.709096672595052e+00	2.000000e+00	2.361084e+00
4.718862297595052e+00	2.000000e+00	2.637794e+00
4.728627922595052e+00	2.000000e+00	2.901628e+00
4.738393547595052e+00	2.000000e+00	3.147261e+00
4.748159172595052e+00	2.000000e+00	3.369731e+00
4.757924797595052e+00	2.000000e+00	3.564549e+00
4.767690422595052e+00	2.000000e+00	3.727782e+00
4.777456047595052e+00	2.000000e+00	3.856133e+00
4.787221672595052e+00	2.000000e+00	3.947012e+00
4.796987297595052e+00	2.000000e+00	3.998585e+00
4.806752922595052e+00	2.000000e+00	4.009809e+00
4.816518547595052e+00	2.000000e+00	3.980459e+00
4.826284172595052e+00	2.000000e+00	3.911127e+00
4.836049797595052e+00	2.000000e+00	3.803212e+00
4.845815422595052e+00	2.000000e+00	3.658893e+00
4.855581047595052e+00	2.000000e+00	3.481084e+00
4.865346672595052e+00	2.000000e+00	3.273375e+00
4.875112297595052e+00	2.000000e+00	3.039958e+00
4.884877922595052e+00	2.000000e+00	2.785546e+00
4.894643547595052e+00	2.000000e+00	2.515275e+00
4.904409172595052e+00	2.000000e+00	2.234602e+00
4.914174797595052e+00	2.000000e+00	1.949192e+00
4.923940422595052e+00	2.000000e+00	1.664808e+00
4.933706047595052e+00	2.000000e+00	1.387191e+00
4.943471672595052e+00	2.000000e+00	1.121945e+00
4.953237297595052e+00	2.000000e+00	8.744250e-01
4.963002922595052e+00	2.000000e+00	6.496285e-01
4.972768547595052e+00	2.000000e+00	4.520935e-01
4.982534172595052e+00	2.000000e+00	2.839114e-01
4.990234376000000e+00	2.000000e+00	1.769925e-01
5.000000001000000e+00	2.000000e+00	6.666947e-02
5.000000001100000e+00	1.600000e+00	6.666947e-02
5.000000001300000e+00	7.999999e-01	6.666946e-02
5.000000001452813e+00	1.887484e-01	6.666946e-02
5.000000001605065e+00	-4.202613e-01	6.666946e-02
5.000000001828864e+00	-1.315456e+00	6.666946e-02
5.000000002000000e+00	-2.000000e+00	6.666946e-02
5.000000002079540e+00	-2.000000e+00	6.666946e-02
5.000000002185593e+00	-2.000000e+00	6.666946e-02
5.000000002397520e+00	-2.000000e+00	6.666945e-02
5.000000002821373e+00	-2.000000e+00	6.666943e-02
5.000000003398867e+00	-2.000000e+00	6.666938e-02
5.000000004161854e+00	-2.000000e+00	6.666929e-02
5.000000005126411e+00	-2.000000e+00	6.666921e-02
5.000000006415084e+00	-2.000000e+00	6.666945e-02
5.000000008061313e+00	-2.000000e+00	6.667124e-02
5.000000010044921e+00	-2.000000e+00	6.667744e-02
5.000000012170867e+00	-2.000000e+00	6.669184e-02
5.000000014401063e+00	-2.000000e+00	6.672058e-02
5.000000017416025e+00	-2.000000e+00	6.678567e-02
5.000000020569977e+00	-2.000000e+00	6.689686e-02
5.000000026202773e+00	-2.000000e+00	6.719957e-02
5.000000032638407e+00	-2.000000e+00	6.768140e-02
5.000000040109118e+00	-2.000000e+00	6.838914e-02
5.000000047420135e+00	-2.000000e+00	6.917316e-02
5.000000055900276e+00	-2.000000e+00	7.010034e-02
5.000000064850308e+00	-2.000000e+00	7.098472e-02
5.000000075398818e+00	-2.000000e+00	7.179902e-02
5.000000085642339e+00	-2.000000e+00	7.227704e-02
5.000000096803643e+00	-2.000000e+00	7.240322e-02
5.000000108519173e+00	-2.000000e+00	7.211371e-02
5.000000122631191e+00	-2.000000e+00	7.130492e-02
5.000000137684240e+00	-2.000000e+00	7.007186e-02
5.000000155274275e+00	-2.000000e+00	6.840307e-02
5.000000174687927e+00	-2.000000e+00	6.657650e-02
5.000000192579490e+00	-2.000000e+00	6.512704e-02
5.000000212417764e+00	-2.000000e+00	6.393309e-02
5.000000231546454e+00	-2.000000e+00	6.325136e-02
5.000000254509068e+00	-2.000000e+00	6.299881e-02
5.000000280265486e+00	-2.000000e+00	6.323052e-02
5.000000303121238e+00	-2.000000e+00	6.374374e-02
5.000000322056304e+00	-2.000000e+00	6.429297e-02
5.000000339739353e+00	-2.000000e+00	6.482636e-02
5.000000357005722e+00	-2.000000e+00	6.531375e-02
5.000000373618766e+00	-2.000000e+00	6.572413e-02
5.000000389561353e+00	-2.000000e+00	6.605214e-02
5.000000403547390e+00	-2.000000e+00	6.628123e-02
5.000000418126577e+00	-2.000000e+00	6.646246e-02
5.000000433314002e+00	-2.000000e+00	6.659806e-02
5.000000448428570e+00	-2.000000e+00	6.668631e-02
5.000000464750931e+00	-2.000000e+00	6.674013e-02
5.000000481168891e+00	-2.000000e+00	6.676245e-02
5.000000498345619e+00	-2.000000e+00	6.676243e-02
5.000000515441494e+00	-2.000000e+00	6.674848e-02
5.000000533096211e+00	-2.000000e+00	6.672734e-02
5.000000550939946e+00	-2.000000e+00	6.670529e-02
5.000000574986936e+00	-2.000000e+00	6.667955e-02
5.000000591564700e+00	-2.000000e+00	6.666615e-02
5.000000606578440e+00	-2.000000e+00	6.665824e-02
5.000000624312274e+00	-2.000000e+00	6.665299e-02
5.000000640877436e+00	-2.000000e+00	6.665117e-02
5.000000660319163e+00	-2.000000e+00	6.665175e-02
5.000000680217624e+00	-2.000000e+00	6.665397e-02
5.000000705517787e+00	-2.000000e+00	6.665750e-02
5.000000736989916e+00	-2.000000e+00	6.666128e-02
5.000000766707469e+00	-2.000000e+00	6.666347e-02
5.000000796977153e+00	-2.000000e+00	6.666418e-02
5.000000836014221e+00	-2.000000e+00	6.666373e-02
5.000000873499050e+00	-2.000000e+00	6.666280e-02
5.000000928064897e+00	-2.000000e+00	6.666160e-02
5.000000997542008e+00	-2.000000e+00	6.666073e-02
5.000001167474707e+00	-2.000000e+00	6.665949e-02
5.000923964323921e+00	-2.000000e+00	5.849295e-02
5.001846761173136e+00	-2.000000e+00	4.986926e-02
5.002769558022350e+00	-2.000000e+00	4.078844e-02
5.003692354871565e+00	-2.000000e+00	3.125047e-02
5.004615151720779e+00	-2.000000e+00	2.125535e-02
5.005537948569994e+00	-2.000000e+00	1.080309e-02
5.006460745419208e+00	-2.000000e+00	-1.063111e-04
5.012920075945152e+00	-2.000000e+00	-8.651173e-02
5.022685700945152e+00	-2.000000e+00	-2.452902e-01
5.032451325945152e+00	-2.000000e+00	-4.361423e-01
5.042216950945152e+00	-2.000000e+00	-6.585658e-01
5.051982575945152e+00	-2.000000e+00	-9.080703e-01
5.061748200945152e+00	-2.000000e+00	-1.179619e+00
5.071513825945152e+00	-2.000000e+00	-1.467729e+00
5.081279450945152e+00	-2.000000e+00	-1.766586e+00
5.091045075945152e+00	-2.000000e+00	-2.070154e+00
5.100810700945152e+00	-2.000000e+00	-2.372305e+00
5.110576325945152e+00	-2.000000e+00	-2.666941e+00
5.120341950945152e+00	-2.000000e+00	-2.948112e+00
5.130107575945152e+00	-2.000000e+00	-3.210142e+00
5.139873200945152e+00	-2.000000e+00	-3.447742e+00
5.149638825945152e+00	-2.000000e+00	-3.656114e+00
5.159404450945152e+00	-2.000000e+00	-3.831052e+00
5.169170075945152e+00	-2.000000e+00	-3.969023e+00
5.178935700945152e+00	-2.000000e+00	-4.067245e+00
5.188701325945152e+00	-2.000000e+00	-4.123731e+00
5.198466950945152e+00	-2.000000e+00	-4.137343e+00
5.208232575945152e+00	-2.000000e+00	-4.107806e+00
5.217998200945152e+00	-2.000000e+00	-4.035716e+00
5.227763825945152e+00	-2.000000e+00	-3.922528e+00
5.237529450945152e+00	-2.000000e+00	-3.770528e+00
5.247295075945152e+00	-2.000000e+00	-3.582783e+00
5.257060700945152e+00	-2.000000e+00	-3.363086e+00
5.266826325945152e+00	-2.000000e+00	-3.115869e+00
5.276591950945152e+00	-2.000000e+00	-2.846125e+00
5.286357575945152e+00	-2.000000e+00	-2.559299e+00
5.296123200945152e+00	-2.000000e+00	-2.261182e+00
5.305888825945152e+00	-2.000000e+00	-1.957791e+00
5.315654450945152e+00	-2.000000e+00	-1.655253e+00
5.325420075945152e+00	-2.000000e+00	-1.359674e+00
5.335185700945152e+00	-2.000000e+00	-1.077023e+00
5.344951325945152e+00	-2.000000e+00	-8.130043e-01
5.354716950945152e+00	-2.000000e+00	-5.729489e-01
5.364482575945152e+00	-2.000000e+00	-3.617032e-01
5.374248200945152e+00	-2.000000e+00	-1.835316e-01
5.384013825945152e+00	-2.000000e+00	-4.203115e-02
5.393779450945152e+00	-2.000000e+00	5.994146e-02
5.403545075945152e+00	-2.000000e+00	1.203276e-01
5.413310700945152e+00	-2.000000e+00	1.379082e-01
5.423076325945152e+00	-2.000000e+00	1.123283e-01
5.432841950945152e+00	-2.000000e+00	4.410430e-02
5.442607575945152e+00	-2.000000e+00	-6.538642e-02
5.452373200945152e+00	-2.000000e+00	-2.139335e-01
5.462138825945152e+00	-2.000000e+00	-3.985379e-01
5.471904450945152e+00	-2.000000e+00	-6.154730e-01
5.481670075945152e+00	-2.000000e+00	-8.603591e-01
5.491435700945152e+00	-2.000000e+00	-1.128253e+00
5.501201325945152e+00	-2.000000e+00	-1.413745e+00
5.510966950945152e+00	-2.000000e+00	-1.711072e+00
5.520732575945152e+00	-2.000000e+00	-2.014233e+00
5.530498200945152e+00	-2.000000e+00	-2.317106e+00
5.540263825945152e+00	-2.000000e+00	-2.613577e+00
5.550029450945152e+00	-2.000000e+00	-2.897661e+00
5.559795075945152e+00	-2.000000e+00	-3.163623e+00
5.569560700945152e+00	-2.000000e+00	-3.406093e+00
5.579326325945152e+00	-2.000000e+00	-3.620176e+00
5.589091950945152e+00	-2.000000e+00	-3.801551e+00
5.598857575945152e+00	-2.000000e+00	-3.946556e+00
5.608623200945152e+00	-2.000000e+00	-4.052263e+00
5.618388825945152e+00	-2.000000e+00	-4.116538e+00
5.628154450945152e+00	-2.000000e+00	-4.138084e+00
5.637920075945152e+00	-2.000000e+00	-4.116466e+00
5.647685700945152e+00	-2.000000e+00	-4.052119e+00
5.657451325945152e+00	-2.000000e+00	-3.946344e+00
5.667216950945152e+00	-2.000000e+00	-3.801276e+00
5.676982575945152e+00	-2.000000e+00	-3.619843e+00
5.686748200945152e+00	-2.000000e+00	-3.405708e+00
5.696513825945152e+00	-2.000000e+00	-3.163194e+00
5.706279450945152e+00	-2.000000e+00	-2.897197e+00
5.716045075945152e+00	-2.000000e+00	-2.613088e+00
5.725810700945152e+00	-2.000000e+00	-2.316601e+00
5.735576325945152e+00	-2.000000e+00	-2.013722e+00
5.745341950945152e+00	-2.000000e+00	-1.710566e+00
5.755107575945152e+00	-2.000000e+00	-1.413253e+00
5.764873200945152e+00	-2.000000e+00	-1.127785e+00
5.774638825945152e+00	-2.000000e+00	-8.599259e-01
5.784404450945152e+00	-2.000000e+00	-6.150825e-01
5.794170075945152e+00	-2.000000e+00	-3.981981e-01
5.803935700945152e+00	-2.000000e+00	-2.136510e-01
5.813701325945152e+00	-2.000000e+00	-6.516710e-02
5.823466950945152e+00	-2.000000e+00	4.425608e-02
5.833232575945152e+00	-2.000000e+00	1.124095e-01
5.842998200945152e+00	-2.000000e+00	1.379171e-01
5.852763825945152e+00	-2.000000e+00	1.202641e-01
5.862529450945152e+00	-2.000000e+00	5.980685e-02
5.872295075945152e+00	-2.000000e+00	-4.223418e-02
5.882060700945152e+00	-2.000000e+00	-1.837989e-01
5.891826325945152e+00	-2.000000e+00	-3.620295e-01
5.901591950945152e+00	-2.000000e+00	-5.733277e-01
5.911357575945152e+00	-2.000000e+00	-8.134277e-01
5.921123200945152e+00	-2.000000e+00	-1.077482e+00
5.930888825945152e+00	-2.000000e+00	-1.360161e+00
5.940654450945152e+00	-2.000000e+00	-1.655757e+00
5.950420075945152e+00	-2.000000e+00	-1.958302e+00
5.960185700945152e+00	-2.000000e+00	-2.261689e+00
5.969951325945152e+00	-2.000000e+00	-2.559793e+00
5.979716950945152e+00	-2.000000e+00	-2.846596e+00
5.990234375000000e+00	-2.000000e+00	-3.141931e+00
6.000000000000000e+00	-2.000000e+00	-3.388786e+00
6.000000000100000e+00	-1.600000e+00	-3.388786e+00
6.000000000300000e+00	-7.999999e-01	-3.388786e+00
6.000000000452880e+00	-1.884820e-01	-3.388786e+00
6.000000000605206e+00	4.208227e-01	-3.388786e+00
6.000000000828959e+00	1.315837e+00	-3.388786e+00
6.000000001000000e+00	2.000000e+00	-3.388786e+00
6.000000001079554e+00	2.000000e+00	-3.388786e+00
6.000000001185626e+00	2.000000e+00	-3.388786e+00
6.000000001397654e+00	2.000000e+00	-3.388786e+00
6.000000001821710e+00	2.000000e+00	-3.388786e+00
6.000000002399301e+00	2.000000e+00	-3.388786e+00
6.000000003162499e+00	2.000000e+00	-3.388786e+00
6.000000004127209e+00	2.000000e+00	-3.388786e+00
6.000000005416217e+00	2.000000e+00	-3.388787e+00
6.000000007060654e+00	2.000000e+00	-3.388788e+00
6.000000008987602e+00	2.000000e+00	-3.388794e+00
6.000000011098181e+00	2.000000e+00	-3.388808e+00
6.000000013229284e+00	2.000000e+00	-3.388834e+00
6.000000016074050e+00	2.000000e+00	-3.388890e+00
6.000000019021130e+00	2.000000e+00	-3.388983e+00
6.000000023872695e+00	2.000000e+00	-3.389219e+00
6.000000030853087e+00	2.000000e+00	-3.389694e+00
6.000000037787185e+00	2.000000e+00	-3.390299e+00
6.000000045537528e+00	2.000000e+00	-3.391078e+00
6.000000053386906e+00	2.000000e+00	-3.391887e+00
6.000000062485357e+00	2.000000e+00	-3.392748e+00
6.000000072083796e+00	2.000000e+00	-3.393462e+00
6.000000083117836e+00	2.000000e+00	-3.393966e+00
6.000000093590908e+00	2.000000e+00	-3.394084e+00
6.000000105775898e+00	2.000000e+00	-3.393789e+00
6.000000118862531e+00	2.000000e+00	-3.393047e+00
6.000000135963445e+00	2.000000e+00	-3.391653e+00
6.000000152668136e+00	2.000000e+00	-3.390092e+00
6.000000172881547e+00	2.000000e+00	-3.388246e+00
6.000000190895565e+00	2.000000e+00	-3.386875e+00
6.000000210239703e+00	2.000000e+00	-3.385843e+00
6.000000228810079e+00	2.000000e+00	-3.385326e+00
6.000000250922356e+00	2.000000e+00	-3.385253e+00
6.000000275994377e+00	2.000000e+00	-3.385636e+00
6.000000295072861e+00	2.000000e+00	-3.386149e+00
6.000000311467287e+00	2.000000e+00	-3.386671e+00
6.000000327667170e+00	2.000000e+00	-3.387184e+00
6.000000345155010e+00	2.000000e+00	-3.387689e+00
6.000000361033547e+00	2.000000e+00	-3.388079e+00
6.000000376797923e+00	2.000000e+00	-3.388389e+00
6.000000391659893e+00	2.000000e+00	-3.388611e+00
6.000000406904760e+00	2.000000e+00	-3.388771e+00
6.000000421929292e+00	2.000000e+00	-3.388872e+00
6.000000439130132e+00	2.000000e+00	-3.388933e+00
6.000000455527356e+00	2.000000e+00	-3.388951e+00
6.000000473250386e+00	2.000000e+00	-3.388942e+00
6.000000490225140e+00	2.000000e+00	-3.388917e+00
6.000000508175401e+00	2.000000e+00	-3.388884e+00
6.000000525758459e+00	2.000000e+00	-3.388852e+00
6.000000544577728e+00	2.000000e+00	-3.388823e+00
6.000000557506293e+00	2.000000e+00	-3.388807e+00
6.000000571311715e+00	2.000000e+00	-3.388795e+00
6.000000586756167e+00	2.000000e+00	-3.388787e+00
6.000000604137797e+00	2.000000e+00	-3.388783e+00
6.000000621039297e+00	2.000000e+00	-3.388782e+00
6.000000638638013e+00	2.000000e+00	-3.388785e+00
6.000000655753678e+00	2.000000e+00	-3.388788e+00
6.000000675082127e+00	2.000000e+00	-3.388793e+00
6.000000698749517e+00	2.000000e+00	-3.388798e+00
6.000000735666104e+00	2.000000e+00	-3.388804e+00
6.000000762864103e+00	2.000000e+00	-3.388807e+00
6.000000789800966e+00	2.000000e+00	-3.388808e+00
6.000000820997988e+00	2.000000e+00	-3.388808e+00
6.000000855079950e+00	2.000000e+00	-3.388808e+00
6.000000901914440e+00	2.000000e+00	-3.388808e+00
6.000000956852948e+00	2.000000e+00	-3.388809e+00
6.000001020079183e+00	2.000000e+00	-3.388811e+00
6.000001087670256e+00	2.000000e+00	-3.388813e+00
6.000001367492563e+00	2.000000e+00	-3.388819e+00
6.001473782785985e+00	2.000000e+00	-3.422457e+00
6.002946198079407e+00	2.000000e+00	-3.452971e+00
6.004418613372829e+00	2.000000e+00	-3.480360e+00
6.005891028666251e+00	2.000000e+00	-3.504623e+00
6.007363443959673e+00	2.000000e+00	-3.525762e+00
6.008835859253095e+00	2.000000e+00	-3.543776e+00
6.010308274546517e+00	2.000000e+00	-3.558664e+00
6.020073899546517e+00	2.000000e+00	-3.604334e+00
6.029839524546517e+00	2.000000e+00	-3.550056e+00
6.039605149546517e+00	2.000000e+00	-3.383732e+00
6.049370774546517e+00	2.000000e+00	-3.108721e+00
6.059136399546517e+00	2.000000e+00	-2.730574e+00
6.068902024546517e+00	2.000000e+00	-2.256925e+00
6.078667649546517e+00	2.000000e+00	-1.697336e+00
6.088433274546517e+00	2.000000e+00	-1.063104e+00
6.098198899546517e+00	2.000000e+00	-3.670340e-01
6.107964524546517e+00	2.000000e+00	3.768222e-01
6.117730149546517e+00	2.000000e+00	1.153448e+00
6.127495774546517e+00	2.000000e+00	1.947163e+00
6.137261399546517e+00	2.000000e+00	2.741945e+00
6.147027024546517e+00	2.000000e+00	3.521749e+00
6.156792649546517e+00	2.000000e+00	4.270831e+00
6.166558274546517e+00	2.000000e+00	4.974069e+00
6.176323899546517e+00	2.000000e+00	5.617265e+00
6.186089524546517e+00	2.000000e+00	6.187435e+00
6.195855149546517e+00	2.000000e+00	6.673069e+00
6.205620774546517e+00	2.000000e+00	7.064361e+00
6.215386399546517e+00	2.000000e+00	7.353412e+00
6.225152024546517e+00	2.000000e+00	7.534388e+00
6.234917649546517e+00	2.000000e+00	7.603633e+00
6.244683274546517e+00	2.000000e+00	7.559752e+00
6.254448899546517e+00	2.000000e+00	7.403627e+00
6.264214524546517e+00	2.000000e+00	7.138414e+00
6.273980149546517e+00	2.000000e+00	6.769465e+00
6.283745774546517e+00	2.000000e+00	6.304229e+00
6.293511399546517e+00	2.000000e+00	5.752097e+00
6.303277024546517e+00	2.000000e+00	5.124218e+00
6.313042649546517e+00	2.000000e+00	4.433265e+00
6.322808274546517e+00	2.000000e+00	3.693189e+00
6.332573899546517e+00	2.000000e+00	2.918931e+00
6.342339524546517e+00	2.000000e+00	2.126121e+00
6.352105149546517e+00	2.000000e+00	1.330764e+00
6.361870774546517e+00	2.000000e+00	5.489181e-01
6.371636399546517e+00	2.000000e+00	-2.036333e-01
6.381402024546517e+00	2.000000e+00	-9.116973e-01
6.391167649546517e+00	2.000000e+00	-1.560979e+00
6.400933274546517e+00	2.000000e+00	-2.138372e+00
6.410698899546517e+00	2.000000e+00	-2.632218e+00
6.420464524546517e+00	2.000000e+00	-3.032548e+00
6.430230149546517e+00	2.000000e+00	-3.331280e+00
6.439995774546517e+00	2.000000e+00	-3.522383e+00
6.449761399546517e+00	2.000000e+00	-3.601999e+00
6.459527024546517e+00	2.000000e+00	-3.568520e+00
6.469292649546517e+00	2.000000e+00	-3.422623e+00
6.479058274546517e+00	2.000000e+00	-3.167253e+00
6.488823899546517e+00	2.000000e+00	-2.807565e+00
6.498589524546517e+00	2.000000e+00	-2.350821e+00
6.508355149546517e+00	2.000000e+00	-1.806242e+00
6.518120774546517e+00	2.000000e+00	-1.184821e+00
6.527886399546517e+00	2.000000e+00	-4.991052e-01
6.537652024546517e+00	2.000000e+00	2.370636e-01
6.547417649546517e+00	2.000000e+00	1.008823e+00
6.557183274546517e+00	2.000000e+00	1.800592e+00
6.566948899546517e+00	2.000000e+00	2.596387e+00
6.576714524546517e+00	2.000000e+00	3.380142e+00
6.586480149546517e+00	2.000000e+00	4.136034e+00
6.596245774546517e+00	2.000000e+00	4.848803e+00
6.606011399546517e+00	2.000000e+00	5.504060e+00
6.615777024546517e+00	2.000000e+00	6.088576e+00
6.625542649546517e+00	2.000000e+00	6.590550e+00
6.635308274546517e+00	2.000000e+00	6.999850e+00
6.645073899546517e+00	2.000000e+00	7.308211e+00
6.654839524546517e+00	2.000000e+00	7.509409e+00
6.664605149546517e+00	2.000000e+00	7.599381e+00
6.674370774546517e+00	2.000000e+00	7.576312e+00
6.684136399546517e+00	2.000000e+00	7.440666e+00
6.693902024546517e+00	2.000000e+00	7.195183e+00
6.703667649546517e+00	2.000000e+00	6.844818e+00
6.713433274546517e+00	2.000000e+00	6.396645e+00
6.723198899546517e+00	2.000000e+00	5.859711e+00
6.732964524546517e+00	2.000000e+00	5.244856e+00
6.742730149546517e+00	2.000000e+00	4.564493e+00
6.752495774546517e+00	2.000000e+00	3.832357e+00
6.762261399546517e+00	2.000000e+00	3.063229e+00
6.772027024546517e+00	2.000000e+00	2.272636e+00
6.781792649546517e+00	2.000000e+00	1.476539e+00
6.791558274546517e+00	2.000000e+00	6.910096e-01
6.801323899546517e+00	2.000000e+00	-6.809376e-02
6.811089524546517e+00	2.000000e+00	-7.854462e-01
6.820855149546517e+00	2.000000e+00	-1.446566e+00
6.830620774546517e+00	2.000000e+00	-2.038105e+00
6.840386399546517e+00	2.000000e+00	-2.548122e+00
6.850152024546517e+00	2.000000e+00	-2.966321e+00
6.859917649546517e+00	2.000000e+00	-3.284259e+00
6.869683274546517e+00	2.000000e+00	-3.495517e+00
6.879448899546517e+00	2.000000e+00	-3.595830e+00
6.889214524546517e+00	2.000000e+00	-3.583174e+00
6.898980149546517e+00	2.000000e+00	-3.457803e+00
6.908745774546517e+00	2.000000e+00	-3.222249e+00
6.918511399546517e+00	2.000000e+00	-2.881267e+00
6.928277024546517e+00	2.000000e+00	-2.441741e+00
6.938042649546517e+00	2.000000e+00	-1.912544e+00
6.947808274546517e+00	2.000000e+00	-1.304360e+00
6.957573899546517e+00	2.000000e+00	-6.294665e-01
6.967339524546517e+00	2.000000e+00	9.851099e-02
6.977105149546517e+00	2.000000e+00	8.648761e-01
6.986870774546517e+00	2.000000e+00	1.653464e+00
6.990234376000000e+00	2.000000e+00	1.928535e+00
6.991629465285714e+00	2.000000e+00	2.043200e+00
6.993024554571429e+00	2.000000e+00	2.157747e+00
6.994419643857143e+00	2.000000e+00	2.272177e+00
6.995814733142857e+00	2.000000e+00	2.386489e+00
6.997209822428571e+00	2.000000e+00	2.500683e+00
6.998604911714286e+00	2.000000e+00	2.614760e+00
7.000000001000000e+00	2.000000e+00	2.728719e+00
7.000000001100000e+00	1.600000e+00	2.728719e+00
7.000000001300000e+00	7.999999e-01	2.728719e+00
7.000000001452886e+00	1.884571e-01	2.728719e+00
7.000000001605219e+00	-4.208759e-01	2.728719e+00
7.000000001828968e+00	-1.315872e+00	2.728719e+00
7.000000002000000e+00	-2.000000e+00	2.728719e+00
7.000000002079555e+00	-2.000000e+00	2.728719e+00
7.000000002185629e+00	-2.000000e+00	2.728719e+00
7.000000002397666e+00	-2.000000e+00	2.728719e+00
7.000000002821741e+00	-2.000000e+00	2.728719e+00
7.000000003399343e+00	-2.000000e+00	2.728719e+00
7.000000004162562e+00	-2.000000e+00	2.728719e+00
7.000000005127291e+00	-2.000000e+00	2.728719e+00
7.000000006416340e+00	-2.000000e+00	2.728719e+00
7.000000008060799e+00	-2.000000e+00	2.728721e+00
7.000000010032568e+00	-2.000000e+00	2.728727e+00
7.000000012162674e+00	-2.000000e+00	2.728741e+00
7.000000014383845e+00	-2.000000e+00	2.728769e+00
7.000000017387770e+00	-2.000000e+00	2.728832e+00
7.000000020523059e+00	-2.000000e+00	2.728939e+00
7.000000026115173e+00	-2.000000e+00	2.729229e+00
7.000000032732696e+00	-2.000000e+00	2.729707e+00
7.000000040097220e+00	-2.000000e+00	2.730378e+00
7.000000047550902e+00	-2.000000e+00	2.731147e+00
7.000000055948213e+00	-2.000000e+00	2.732029e+00
7.000000065023418e+00	-2.000000e+00	2.732888e+00
7.000000075462497e+00	-2.000000e+00	2.733657e+00
7.000000086019689e+00	-2.000000e+00	2.734121e+00
7.000000097200041e+00	-2.000000e+00	2.734228e+00
7.000000109256337e+00	-2.000000e+00	2.733921e+00
7.000000123489492e+00	-2.000000e+00	2.733115e+00
7.000000138733037e+00	-2.000000e+00	2.731897e+00
7.000000156389406e+00	-2.000000e+00	2.730281e+00
7.000000176030735e+00	-2.000000e+00	2.728519e+00
7.000000194458743e+00	-2.000000e+00	2.727114e+00
7.000000214315403e+00	-2.000000e+00	2.726014e+00
7.000000234025011e+00	-2.000000e+00	2.725396e+00
7.000000257374682e+00	-2.000000e+00	2.725218e+00
7.000000284389571e+00	-2.000000e+00	2.725518e+00
7.000000306777367e+00	-2.000000e+00	2.726036e+00
7.000000325193157e+00	-2.000000e+00	2.726562e+00
7.000000342628870e+00	-2.000000e+00	2.727068e+00
7.000000359685317e+00	-2.000000e+00	2.727525e+00
7.000000376032668e+00	-2.000000e+00	2.727905e+00
7.000000391690521e+00	-2.000000e+00	2.728206e+00
7.000000405546898e+00	-2.000000e+00	2.728416e+00
7.000000420258590e+00	-2.000000e+00	2.728585e+00
7.000000435497842e+00	-2.000000e+00	2.728709e+00
7.000000450366802e+00	-2.000000e+00	2.728787e+00
7.000000467062397e+00	-2.000000e+00	2.728836e+00
7.000000483405192e+00	-2.000000e+00	2.728855e+00
7.000000500861078e+00	-2.000000e+00	2.728853e+00
7.000000517895674e+00	-2.000000e+00	2.728839e+00
7.000000535790297e+00	-2.000000e+00	2.728819e+00
7.000000553731316e+00	-2.000000e+00	2.728799e+00
7.000000572151289e+00	-2.000000e+00	2.728782e+00
7.000000586628409e+00	-2.000000e+00	2.728771e+00
7.000000601342506e+00	-2.000000e+00	2.728764e+00
7.000000619161135e+00	-2.000000e+00	2.728759e+00
7.000000635598298e+00	-2.000000e+00	2.728758e+00
7.000000654621084e+00	-2.000000e+00	2.728760e+00
7.000000673794876e+00	-2.000000e+00	2.728763e+00
7.000000697702579e+00	-2.000000e+00	2.728768e+00
7.000000726006996e+00	-2.000000e+00	2.728774e+00
7.000000763628310e+00	-2.000000e+00	2.728781e+00
7.000000795982914e+00	-2.000000e+00	2.728785e+00
7.000000831832342e+00	-2.000000e+00	2.728788e+00
7.000000869869680e+00	-2.000000e+00	2.728790e+00
7.000000920543866e+00	-2.000000e+00	2.728794e+00
7.000000994379293e+00	-2.000000e+00	2.728799e+00
7.000001163797738e+00	-2.000000e+00	2.728813e+00
7.003091006749661e+00	-2.000000e+00	2.973126e+00
7.006180849701583e+00	-2.000000e+00	3.205861e+00
7.009270692653506e+00	-2.000000e+00	3.427019e+00
7.012360535605429e+00	-2.000000e+00	3.636599e+00
7.015450378557351e+00	-2.000000e+00	3.834601e+00
7.018540221509274e+00	-2.000000e+00	4.021025e+00
7.021630064461196e+00	-2.000000e+00	4.195872e+00
7.031395689461196e+00	-2.000000e+00	4.675426e+00
7.041161314461196e+00	-2.000000e+00	5.020216e+00
7.050926939461196e+00	-2.000000e+00	5.223280e+00
7.060692564461196e+00	-2.000000e+00	5.280519e+00
7.070458189461196e+00	-2.000000e+00	5.190777e+00
7.080223814461196e+00	-2.000000e+00	4.955866e+00
7.089989439461196e+00	-2.000000e+00	4.580528e+00
7.099755064461196e+00	-2.000000e+00	4.072342e+00
7.109520689461196e+00	-2.000000e+00	3.441565e+00
7.119286314461196e+00	-2.000000e+00	2.700933e+00
7.129051939461196e+00	-2.000000e+00	1.865398e+00
7.138817564461196e+00	-2.000000e+00	9.518267e-01
7.148583189461196e+00	-2.000000e+00	-2.133641e-02
7.158348814461196e+00	-2.000000e+00	-1.034445e+00
7.168114439461196e+00	-2.000000e+00	-2.067047e+00
7.177880064461196e+00	-2.000000e+00	-3.098294e+00
7.187645689461196e+00	-2.000000e+00	-4.107370e+00
7.197411314461196e+00	-2.000000e+00	-5.073901e+00
7.207176939461196e+00	-2.000000e+00	-5.978375e+00
7.216942564461196e+00	-2.000000e+00	-6.802533e+00
7.226708189461196e+00	-2.000000e+00	-7.529737e+00
7.236473814461196e+00	-2.000000e+00	-8.145304e+00
7.246239439461196e+00	-2.000000e+00	-8.636808e+00
7.256005064461196e+00	-2.000000e+00	-8.994328e+00
7.265770689461196e+00	-2.000000e+00	-9.210643e+00
7.275536314461196e+00	-2.000000e+00	-9.281388e+00
7.285301939461196e+00	-2.000000e+00	-9.205135e+00
7.295067564461196e+00	-2.000000e+00	-8.983423e+00
7.304833189461196e+00	-2.000000e+00	-8.620728e+00
7.314598814461196e+00	-2.000000e+00	-8.124371e+00
7.324364439461196e+00	-2.000000e+00	-7.504374e+00
7.334130064461196e+00	-2.000000e+00	-6.773253e+00
7.343895689461196e+00	-2.000000e+00	-5.945769e+00
7.353661314461196e+00	-2.000000e+00	-5.038627e+00
7.363426939461196e+00	-2.000000e+00	-4.070139e+00
7.373192564461196e+00	-2.000000e+00	-3.059860e+00
7.382958189461196e+00	-2.000000e+00	-2.028183e+00
7.392723814461196e+00	-2.000000e+00	-9.959369e-01
7.402489439461196e+00	-2.000000e+00	1.603881e-02
7.412255064461196e+00	-2.000000e+00	9.873145e-01
7.422020689461196e+00	-2.000000e+00	1.898282e+00
7.431786314461196e+00	-2.000000e+00	2.730550e+00
7.441551939461196e+00	-2.000000e+00	3.467316e+00
7.451317564461196e+00	-2.000000e+00	4.093708e+00
7.461083189461196e+00	-2.000000e+00	4.597078e+00
7.470848814461196e+00	-2.000000e+00	4.967265e+00
7.480614439461196e+00	-2.000000e+00	5.196795e+00
7.490380064461196e+00	-2.000000e+00	5.281035e+00
7.500145689461196e+00	-2.000000e+00	5.218284e+00
7.509911314461196e+00	-2.000000e+00	5.009808e+00
7.519676939461196e+00	-2.000000e+00	4.659817e+00
7.529442564461196e+00	-2.000000e+00	4.175375e+00
7.539208189461196e+00	-2.000000e+00	3.566265e+00
7.548973814461196e+00	-2.000000e+00	2.844781e+00
7.558739439461196e+00	-2.000000e+00	2.025489e+00
7.568505064461196e+00	-2.000000e+00	1.124930e+00
7.578270689461196e+00	-2.000000e+00	1.612847e-01
7.588036314461196e+00	-2.000000e+00	-8.459934e-01
7.597801939461196e+00	-2.000000e+00	-1.876569e+00
7.607567564461196e+00	-2.000000e+00	-2.909636e+00
7.617333189461196e+00	-2.000000e+00	-3.924339e+00
7.627098814461196e+00	-2.000000e+00	-4.900193e+00
7.636864439461196e+00	-2.000000e+00	-5.817498e+00
7.646630064461196e+00	-2.000000e+00	-6.657733e+00
7.656395689461196e+00	-2.000000e+00	-7.403937e+00
7.666161314461196e+00	-2.000000e+00	-8.041045e+00
7.675926939461196e+00	-2.000000e+00	-8.556195e+00
7.685692564461196e+00	-2.000000e+00	-8.938987e+00
7.695458189461196e+00	-2.000000e+00	-9.181693e+00
7.705223814461196e+00	-2.000000e+00	-9.279413e+00
7.714989439461196e+00	-2.000000e+00	-9.230174e+00
7.724755064461196e+00	-2.000000e+00	-9.034971e+00
7.734520689461196e+00	-2.000000e+00	-8.697743e+00
7.744286314461196e+00	-2.000000e+00	-8.225300e+00
7.754051939461196e+00	-2.000000e+00	-7.627180e+00
7.763817564461196e+00	-2.000000e+00	-6.915456e+00
7.773583189461196e+00	-2.000000e+00	-6.104497e+00
7.783348814461196e+00	-2.000000e+00	-5.210676e+00
7.793114439461196e+00	-2.000000e+00	-4.252037e+00
7.802880064461196e+00	-2.000000e+00	-3.247933e+00
7.812645689461196e+00	-2.000000e+00	-2.218635e+00
7.822411314461196e+00	-2.000000e+00	-1.184923e+00
7.832176939461196e+00	-2.000000e+00	-1.676662e-01
7.841942564461196e+00	-2.000000e+00	8.125994e-01
7.851708189461196e+00	-2.000000e+00	1.736084e+00
7.861473814461196e+00	-2.000000e+00	2.584143e+00
7.871239439461196e+00	-2.000000e+00	3.339657e+00
7.881005064461196e+00	-2.000000e+00	3.987373e+00
7.890770689461196e+00	-2.000000e+00	4.514215e+00
7.900536314461196e+00	-2.000000e+00	4.909545e+00
7.910301939461196e+00	-2.000000e+00	5.165385e+00
7.920067564461196e+00	-2.000000e+00	5.276568e+00
7.929833189461196e+00	-2.000000e+00	5.240850e+00
7.939598814461196e+00	-2.000000e+00	5.058953e+00
7.949364439461196e+00	-2.000000e+00	4.734548e+00
7.959130064461196e+00	-2.000000e+00	4.274184e+00
7.968895689461196e+00	-2.000000e+00	3.687155e+00
7.978661314461196e+00	-2.000000e+00	2.985313e+00
7.988426939461196e+00	-2.000000e+00	2.199790e+00
7.990234375000000e+00	-2.000000e+00	2.043304e+00
7.993849246077607e+00	-2.000000e+00	1.713440e+00
8.000000000000000e+00	-2.000000e+00	1.138340e+00
8.000000000100000e+00	-1.600000e+00	1.138340e+00
8.000000000300000e+00	-7.999999e-01	1.138340e+00
8.000000000452824e+00	-1.887058e-01	1.138340e+00
8.000000000605089e+00	4.203573e-01	1.138340e+00
8.000000000828880e+00	1.315520e+00	1.138340e+00
8.000000001000000e+00	2.000000e+00	1.138340e+00
8.000000001079542e+00	2.000000e+00	1.138340e+00
8.000000001185597e+00	2.000000e+00	1.138340e+00
8.000000001397542e+00	2.000000e+00	1.138340e+00
8.000000001821432e+00	2.000000e+00	1.138340e+00
8.000000002398940e+00	2.000000e+00	1.138340e+00
8.000000003161960e+00	2.000000e+00	1.138340e+00
8.000000004126534e+00	2.000000e+00	1.138340e+00
8.000000005415242e+00	2.000000e+00	1.138340e+00
8.000000007060548e+00	2.000000e+00	1.138338e+00
8.000000008998713e+00	2.000000e+00	1.138332e+00
8.000000011106248e+00	2.000000e+00	1.138317e+00
8.000000013247817e+00	2.000000e+00	1.138291e+00
8.000000016119889e+00	2.000000e+00	1.138231e+00
8.000000019067700e+00	2.000000e+00	1.138134e+00
8.000000023997330e+00	2.000000e+00	1.137883e+00
8.000000030718818e+00	2.000000e+00	1.137404e+00
8.000000037794516e+00	2.000000e+00	1.136758e+00
8.000000045329458e+00	2.000000e+00	1.135966e+00
8.000000053290588e+00	2.000000e+00	1.135103e+00
8.000000062212957e+00	2.000000e+00	1.134215e+00
8.000000071955357e+00	2.000000e+00	1.133446e+00
8.000000082587773e+00	2.000000e+00	1.132921e+00
8.000000093058796e+00	2.000000e+00	1.132775e+00
8.000000104821321e+00	2.000000e+00	1.133042e+00
8.000000117793826e+00	2.000000e+00	1.133779e+00
8.000000134384740e+00	2.000000e+00	1.135163e+00
8.000000151234191e+00	2.000000e+00	1.136801e+00
8.000000171096859e+00	2.000000e+00	1.138718e+00
8.000000188549295e+00	2.000000e+00	1.140148e+00
8.000000208046774e+00	2.000000e+00	1.141302e+00
8.000000225945419e+00	2.000000e+00	1.141891e+00
8.000000247694125e+00	2.000000e+00	1.142046e+00
8.000000271294800e+00	2.000000e+00	1.141740e+00
8.000000290393356e+00	2.000000e+00	1.141237e+00
8.000000307308511e+00	2.000000e+00	1.140684e+00
8.000000323867884e+00	2.000000e+00	1.140129e+00
8.000000340041083e+00	2.000000e+00	1.139624e+00
8.000000357159891e+00	2.000000e+00	1.139160e+00
8.000000372852451e+00	2.000000e+00	1.138814e+00
8.000000388739560e+00	2.000000e+00	1.138546e+00
8.000000404018884e+00	2.000000e+00	1.138362e+00
8.000000419952469e+00	2.000000e+00	1.138238e+00
8.000000436512133e+00	2.000000e+00	1.138166e+00
8.000000453268449e+00	2.000000e+00	1.138139e+00
8.000000470450365e+00	2.000000e+00	1.138143e+00
8.000000487711706e+00	2.000000e+00	1.138166e+00
8.000000505262870e+00	2.000000e+00	1.138197e+00
8.000000522961242e+00	2.000000e+00	1.138230e+00
8.000000541242436e+00	2.000000e+00	1.138259e+00
8.000000555489157e+00	2.000000e+00	1.138277e+00
8.000000569785509e+00	2.000000e+00	1.138290e+00
8.000000585179178e+00	2.000000e+00	1.138298e+00
8.000000602696550e+00	2.000000e+00	1.138302e+00
8.000000619459245e+00	2.000000e+00	1.138301e+00
8.000000637144366e+00	2.000000e+00	1.138297e+00
8.000000654144383e+00	2.000000e+00	1.138292e+00
8.000000673206655e+00	2.000000e+00	1.138286e+00
8.000000696323402e+00	2.000000e+00	1.138278e+00
8.000000731426889e+00	2.000000e+00	1.138270e+00
8.000000756540137e+00	2.000000e+00	1.138265e+00
8.000000782148579e+00	2.000000e+00	1.138262e+00
8.000000813433234e+00	2.000000e+00	1.138260e+00
8.000000845803669e+00	2.000000e+00	1.138258e+00
8.000000889472828e+00	2.000000e+00	1.138254e+00
8.000000959426604e+00	2.000000e+00	1.138248e+00
8.000001028087663e+00	2.000000e+00	1.138241e+00
8.000001096231674e+00	2.000000e+00	1.138235e+00
8.000023665821706e+00	2.000000e+00	1.136058e+00
8.000046235411737e+00	2.000000e+00	1.133882e+00
8.000068805001769e+00	2.000000e+00	1.131706e+00
8.000091374591802e+00	2.000000e+00	1.129529e+00
8.000113944181834e+00	2.000000e+00	1.127353e+00
8.000136513771865e+00	2.000000e+00	1.125178e+00
8.000159083361897e+00	2.000000e+00	1.123002e+00
8.002970855132315e+00	2.000000e+00	8.528088e-01
8.005782626902734e+00	2.000000e+00	5.860003e-01
8.008594398673152e+00	2.000000e+00	3.225766e-01
8.011406170443571e+00	2.000000e+00	6.253763e-02
8.014217942213989e+00	2.000000e+00	-1.941166e-01
8.017029713984408e+00	2.000000e+00	-4.473862e-01
8.019841485754826e+00	2.000000e+00	-6.972710e-01
8.029607110754826e+00	2.000000e+00	-1.528973e+00
8.039372735754826e+00	2.000000e+00	-2.289430e+00
8.049138360754826e+00	2.000000e+00	-2.963292e+00
8.058903985754826e+00	2.000000e+00	-3.536954e+00
8.068669610754826e+00	2.000000e+00	-3.998835e+00
8.078435235754826e+00	2.000000e+00	-4.339610e+00
8.088200860754826e+00	2.000000e+00	-4.552400e+00
8.097966485754826e+00	2.000000e+00	-4.632908e+00
8.107732110754826e+00	2.000000e+00	-4.579510e+00
8.117497735754826e+00	2.000000e+00	-4.393283e+00
8.127263360754826e+00	2.000000e+00	-4.077987e+00
8.137028985754826e+00	2.000000e+00	-3.639987e+00
8.146794610754826e+00	2.000000e+00	-3.088126e+00
8.156560235754826e+00	2.000000e+00	-2.433545e+00
8.166325860754826e+00	2.000000e+00	-1.689459e+00
8.176091485754826e+00	2.000000e+00	-8.708887e-01
8.185857110754826e+00	2.000000e+00	5.639519e-03
8.195622735754826e+00	2.000000e+00	9.224302e-01
8.205388360754826e+00	2.000000e+00	1.860975e+00
8.215153985754826e+00	2.000000e+00	2.802326e+00
8.224919610754826e+00	2.000000e+00	3.727480e+00
8.234685235754826e+00	2.000000e+00	4.617759e+00
8.244450860754826e+00	2.000000e+00	5.455190e+00
8.254216485754826e+00	2.000000e+00	6.222867e+00
8.263982110754826e+00	2.000000e+00	6.905292e+00
8.273747735754826e+00	2.000000e+00	7.488687e+00
8.283513360754826e+00	2.000000e+00	7.961274e+00
8.293278985754826e+00	2.000000e+00	8.313515e+00
8.303044610754826e+00	2.000000e+00	8.538296e+00
8.312810235754826e+00	2.000000e+00	8.631081e+00
8.322575860754826e+00	2.000000e+00	8.589995e+00
8.332341485754826e+00	2.000000e+00	8.415870e+00
8.342107110754826e+00	2.000000e+00	8.112219e+00
8.351872735754826e+00	2.000000e+00	7.685172e+00
8.361638360754826e+00	2.000000e+00	7.143352e+00
8.371403985754826e+00	2.000000e+00	6.497697e+00
8.381169610754826e+00	2.000000e+00	5.761241e+00
8.390935235754826e+00	2.000000e+00	4.948852e+00
8.400700860754826e+00	2.000000e+00	4.076931e+00
8.410466485754826e+00	2.000000e+00	3.163080e+00
8.420232110754826e+00	2.000000e+00	2.225748e+00
8.429997735754826e+00	2.000000e+00	1.283858e+00
8.439763360754826e+00	2.000000e+00	3.564265e-01
8.449528985754826e+00	2.000000e+00	-5.378247e-01
8.459294610754826e+00	2.000000e+00	-1.380842e+00
8.469060235754826e+00	2.000000e+00	-2.155606e+00
8.478825860754826e+00	2.000000e+00	-2.846476e+00
8.488591485754826e+00	2.000000e+00	-3.439504e+00
8.498357110754826e+00	2.000000e+00	-3.922719e+00
8.508122735754826e+00	2.000000e+00	-4.286364e+00
8.517888360754826e+00	2.000000e+00	-4.523099e+00
8.527653985754826e+00	2.000000e+00	-4.628144e+00
8.537419610754826e+00	2.000000e+00	-4.599378e+00
8.547185235754826e+00	2.000000e+00	-4.437383e+00
8.556950860754826e+00	2.000000e+00	-4.145429e+00
8.566716485754826e+00	2.000000e+00	-3.729409e+00
8.576482110754826e+00	2.000000e+00	-3.197723e+00
8.586247735754826e+00	2.000000e+00	-2.561104e+00
8.596013360754826e+00	2.000000e+00	-1.832404e+00
8.605778985754826e+00	2.000000e+00	-1.026336e+00
8.615544610754826e+00	2.000000e+00	-1.591703e-01
8.625310235754826e+00	2.000000e+00	7.515846e-01
8.635075860754826e+00	2.000000e+00	1.687543e+00
8.644841485754826e+00	2.000000e+00	2.629809e+00
8.654607110754826e+00	2.000000e+00	3.559360e+00
8.664372735754826e+00	2.000000e+00	4.457431e+00
8.674138360754826e+00	2.000000e+00	5.305890e+00
8.683903985754826e+00	2.000000e+00	6.087609e+00
8.693669610754826e+00	2.000000e+00	6.786806e+00
8.703435235754826e+00	2.000000e+00	7.389366e+00
8.713200860754826e+00	2.000000e+00	7.883124e+00
8.722966485754826e+00	2.000000e+00	8.258113e+00
8.732732110754826e+00	2.000000e+00	8.506761e+00
8.742497735754826e+00	2.000000e+00	8.624048e+00
8.752263360754826e+00	2.000000e+00	8.607607e+00
8.762028985754826e+00	2.000000e+00	8.457771e+00
8.771794610754826e+00	2.000000e+00	8.177564e+00
8.781560235754826e+00	2.000000e+00	7.772642e+00
8.791325860754826e+00	2.000000e+00	7.251180e+00
8.801091485754826e+00	2.000000e+00	6.623706e+00
8.810857110754826e+00	2.000000e+00	5.902887e+00
8.820622735754826e+00	2.000000e+00	5.103277e+00
8.830388360754826e+00	2.000000e+00	4.241016e+00
8.840153985754826e+00	2.000000e+00	3.333513e+00
8.849919610754826e+00	2.000000e+00	2.399088e+00
8.859685235754826e+00	2.000000e+00	1.456606e+00
8.869450860754826e+00	2.000000e+00	5.250947e-01
8.879216485754826e+00	2.000000e+00	-3.766413e-01
8.888982110754826e+00	2.000000e+00	-1.230397e+00
8.898747735754826e+00	2.000000e+00	-2.018938e+00
8.908513360754826e+00	2.000000e+00	-2.726343e+00
8.918278985754826e+00	2.000000e+00	-3.338331e+00
8.928044610754826e+00	2.000000e+00	-3.842549e+00
8.937810235754826e+00	2.000000e+00	-4.228816e+00
8.947575860754826e+00	2.000000e+00	-4.489334e+00
8.957341485754826e+00	2.000000e+00	-4.618844e+00
8.967107110754826e+00	2.000000e+00	-4.614731e+00
8.976872735754826e+00	2.000000e+00	-4.477078e+00
8.986638360754826e+00	2.000000e+00	-4.228353e+00
8.992807970509652e+00	2.000000e+00	-4.002263e+00
9.000000001000000e+00	2.000000e+00	-3.667384e+00
9.000000001100000e+00	1.600000e+00	-3.667384e+00
9.000000001300000e+00	7.999999e-01	-3.667384e+00
9.000000001452769e+00	1.889260e-01	-3.667384e+00
9.000000001604970e+00	-4.198812e-01	-3.667384e+00
9.000000001828800e+00	-1.315201e+00	-3.667384e+00
9.000000002000000e+00	-2.000000e+00	-3.667384e+00
9.000000002079531e+00	-2.000000e+00	-3.667384e+00
9.000000002185571e+00	-2.000000e+00	-3.667384e+00
9.000000002397430e+00	-2.000000e+00	-3.667384e+00
9.000000002821148e+00	-2.000000e+00	-3.667384e+00
9.000000003398563e+00	-2.000000e+00	-3.667384e+00
9.000000004161389e+00	-2.000000e+00	-3.667384e+00
9.000000005125793e+00	-2.000000e+00	-3.667384e+00
9.000000006414130e+00	-2.000000e+00	-3.667384e+00
9.000000008056537e+00	-2.000000e+00	-3.667382e+00
9.000000010034825e+00	-2.000000e+00	-3.667376e+00
9.000000012166160e+00	-2.000000e+00	-3.667361e+00
9.000000014404501e+00	-2.000000e+00	-3.667333e+00
9.000000017521296e+00	-2.000000e+00	-3.667267e+00
9.000000020760588e+00	-2.000000e+00	-3.667155e+00
9.000000026663251e+00	-2.000000e+00	-3.666846e+00
9.000000033231082e+00	-2.000000e+00	-3.666370e+00
9.000000040592823e+00	-2.000000e+00	-3.665704e+00
9.000000047972902e+00	-2.000000e+00	-3.664956e+00
9.000000056484886e+00	-2.000000e+00	-3.664087e+00
9.000000065624297e+00	-2.000000e+00	-3.663254e+00
9.000000076304696e+00	-2.000000e+00	-3.662512e+00
9.000000086854609e+00	-2.000000e+00	-3.662092e+00
9.000000098322184e+00	-2.000000e+00	-3.662025e+00
9.000000110551076e+00	-2.000000e+00	-3.662372e+00
9.000000125358792e+00	-2.000000e+00	-3.663234e+00
9.000000140537324e+00	-2.000000e+00	-3.664444e+00
9.000000158760415e+00	-2.000000e+00	-3.666076e+00
9.000000178583129e+00	-2.000000e+00	-3.667774e+00
9.000000199272334e+00	-2.000000e+00	-3.669242e+00
9.000000218218409e+00	-2.000000e+00	-3.670175e+00
9.000000239600626e+00	-2.000000e+00	-3.670715e+00
9.000000262788207e+00	-2.000000e+00	-3.670778e+00
9.000000293131912e+00	-2.000000e+00	-3.670335e+00
9.000000315151452e+00	-2.000000e+00	-3.669795e+00
9.000000332680013e+00	-2.000000e+00	-3.669297e+00
9.000000349770371e+00	-2.000000e+00	-3.668824e+00
9.000000366672372e+00	-2.000000e+00	-3.668404e+00
9.000000382833679e+00	-2.000000e+00	-3.668065e+00
9.000000400019646e+00	-2.000000e+00	-3.667777e+00
9.000000415541342e+00	-2.000000e+00	-3.667579e+00
9.000000430867463e+00	-2.000000e+00	-3.667440e+00
9.000000445384485e+00	-2.000000e+00	-3.667353e+00
9.000000461920465e+00	-2.000000e+00	-3.667294e+00
9.000000478054490e+00	-2.000000e+00	-3.667268e+00
9.000000495471969e+00	-2.000000e+00	-3.667264e+00
9.000000512353202e+00	-2.000000e+00	-3.667275e+00
9.000000530154502e+00	-2.000000e+00	-3.667294e+00
9.000000547794217e+00	-2.000000e+00	-3.667314e+00
9.000000569689123e+00	-2.000000e+00	-3.667336e+00
9.000000584058007e+00	-2.000000e+00	-3.667348e+00
9.000000598007308e+00	-2.000000e+00	-3.667356e+00
9.000000613877958e+00	-2.000000e+00	-3.667361e+00
9.000000631026795e+00	-2.000000e+00	-3.667363e+00
9.000000648835039e+00	-2.000000e+00	-3.667363e+00
9.000000668264136e+00	-2.000000e+00	-3.667361e+00
9.000000690171785e+00	-2.000000e+00	-3.667357e+00
9.000000717255254e+00	-2.000000e+00	-3.667352e+00
9.000000757616583e+00	-2.000000e+00	-3.667346e+00
9.000000788322536e+00	-2.000000e+00	-3.667342e+00
9.000000821285607e+00	-2.000000e+00	-3.667341e+00
9.000000858976319e+00	-2.000000e+00	-3.667339e+00
9.000000904692097e+00	-2.000000e+00	-3.667338e+00
9.000000978752919e+00	-2.000000e+00	-3.667334e+00
9.000001138963711e+00	-2.000000e+00	-3.667326e+00
9.003085594136238e+00	-2.000000e+00	-3.506266e+00
9.006170049308764e+00	-2.000000e+00	-3.343122e+00
9.009254504481291e+00	-2.000000e+00	-3.177893e+00
9.012338959653817e+00	-2.000000e+00	-3.010579e+00
9.015423414826344e+00	-2.000000e+00	-2.841180e+00
9.018507869998871e+00	-2.000000e+00	-2.669696e+00
9.021592325171397e+00	-2.000000e+00	-2.496127e+00
9.031357950171397e+00	-2.000000e+00	-1.947452e+00
9.041123575171397e+00	-2.000000e+00	-1.399838e+00
9.050889200171397e+00	-2.000000e+00	-8.643406e-01
9.060654825171397e+00	-2.000000e+00	-3.517696e-01
9.070420450171397e+00	-2.000000e+00	1.275267e-01
9.080186075171397e+00	-2.000000e+00	5.638722e-01
9.089951700171397e+00	-2.000000e+00	9.484577e-01
9.099717325171397e+00	-2.000000e+00	1.273519e+00
9.109482950171397e+00	-2.000000e+00	1.532494e+00
9.119248575171397e+00	-2.000000e+00	1.720155e+00
9.129014200171397e+00	-2.000000e+00	1.832712e+00
9.138779825171397e+00	-2.000000e+00	1.867893e+00
9.148545450171397e+00	-2.000000e+00	1.824989e+00
9.158311075171397e+00	-2.000000e+00	1.704865e+00
9.168076700171397e+00	-2.000000e+00	1.509946e+00
9.177842325171397e+00	-2.000000e+00	1.244168e+00
9.187607950171397e+00	-2.000000e+00	9.128961e-01
9.197373575171397e+00	-2.000000e+00	5.228179e-01
9.207139200171397e+00	-2.000000e+00	8.180860e-02
9.216904825171397e+00	-2.000000e+00	-4.012287e-01
9.226670450171397e+00	-2.000000e+00	-9.165422e-01
9.236436075171397e+00	-2.000000e+00	-1.453729e+00
9.246201700171397e+00	-2.000000e+00	-2.001944e+00
9.255967325171397e+00	-2.000000e+00	-2.550119e+00
9.265732950171397e+00	-2.000000e+00	-3.087188e+00
9.275498575171397e+00	-2.000000e+00	-3.602309e+00
9.285264200171397e+00	-2.000000e+00	-4.085082e+00
9.295029825171397e+00	-2.000000e+00	-4.525761e+00
9.304795450171397e+00	-2.000000e+00	-4.915449e+00
9.314561075171397e+00	-2.000000e+00	-5.246279e+00
9.324326700171397e+00	-2.000000e+00	-5.511572e+00
9.334092325171397e+00	-2.000000e+00	-5.705973e+00
9.343857950171397e+00	-2.000000e+00	-5.825557e+00
9.353623575171397e+00	-2.000000e+00	-5.867909e+00
9.363389200171397e+00	-2.000000e+00	-5.832175e+00
9.373154825171397e+00	-2.000000e+00	-5.719076e+00
9.382920450171397e+00	-2.000000e+00	-5.530895e+00
9.392686075171397e+00	-2.000000e+00	-5.271431e+00
9.402451700171397e+00	-2.000000e+00	-4.945923e+00
9.412217325171397e+00	-2.000000e+00	-4.560942e+00
9.421982950171397e+00	-2.000000e+00	-4.124260e+00
9.431748575171397e+00	-2.000000e+00	-3.644692e+00
9.441514200171397e+00	-2.000000e+00	-3.131921e+00
9.451279825171397e+00	-2.000000e+00	-2.596299e+00
9.461045450171397e+00	-2.000000e+00	-2.048638e+00
9.470811075171397e+00	-2.000000e+00	-1.499995e+00
9.480576700171397e+00	-2.000000e+00	-9.614455e-01
9.490342325171397e+00	-2.000000e+00	-4.438629e-01
9.500107950171397e+00	-2.000000e+00	4.230416e-02
9.509873575171397e+00	-2.000000e+00	4.872408e-01
9.519639200171397e+00	-2.000000e+00	8.819646e-01
9.529404825171397e+00	-2.000000e+00	1.218507e+00
9.539170450171397e+00	-2.000000e+00	1.490073e+00
9.548936075171397e+00	-2.000000e+00	1.691181e+00
9.558701700171397e+00	-2.000000e+00	1.817771e+00
9.568467325171397e+00	-2.000000e+00	1.867286e+00
9.578232950171397e+00	-2.000000e+00	1.838729e+00
9.587998575171397e+00	-2.000000e+00	1.732674e+00
9.597764200171397e+00	-2.000000e+00	1.551263e+00
9.607529825171397e+00	-2.000000e+00	1.298158e+00
9.617295450171397e+00	-2.000000e+00	9.784698e-01
9.627061075171397e+00	-2.000000e+00	5.986515e-01
9.636826700171397e+00	-2.000000e+00	1.663710e-01
9.646592325171397e+00	-2.000000e+00	-3.096446e-01
9.656357950171397e+00	-2.000000e+00	-8.197854e-01
9.666123575171397e+00	-2.000000e+00	-1.353752e+00
9.675889200171397e+00	-2.000000e+00	-1.900766e+00
9.685654825171397e+00	-2.000000e+00	-2.449783e+00
9.695420450171397e+00	-2.000000e+00	-2.989720e+00
9.705186075171397e+00	-2.000000e+00	-3.509676e+00
9.714951700171397e+00	-2.000000e+00	-3.999153e+00
9.724717325171397e+00	-2.000000e+00	-4.448272e+00
9.734482950171397e+00	-2.000000e+00	-4.847964e+00
9.744248575171397e+00	-2.000000e+00	-5.190161e+00
9.754014200171397e+00	-2.000000e+00	-5.467953e+00
9.763779825171397e+00	-2.000000e+00	-5.675734e+00
9.773545450171397e+00	-2.000000e+00	-5.809308e+00
9.783311075171397e+00	-2.000000e+00	-5.865979e+00
9.793076700171397e+00	-2.000000e+00	-5.844602e+00
9.802842325171397e+00	-2.000000e+00	-5.745610e+00
9.812607950171397e+00	-2.000000e+00	-5.571000e+00
9.822373575171397e+00	-2.000000e+00	-5.324297e+00
9.832139200171397e+00	-2.000000e+00	-5.010483e+00
9.841904825171397e+00	-2.000000e+00	-4.635893e+00
9.851670450171397e+00	-2.000000e+00	-4.208088e+00
9.861436075171397e+00	-2.000000e+00	-3.735706e+00
9.871201700171397e+00	-2.000000e+00	-3.228283e+00
9.880967325171397e+00	-2.000000e+00	-2.696062e+00
9.890732950171397e+00	-2.000000e+00	-2.149790e+00
9.900498575171397e+00	-2.000000e+00	-1.600493e+00
9.910264200171397e+00	-2.000000e+00	-1.059261e+00
9.920029825171397e+00	-2.000000e+00	-5.370213e-01
9.929795450171397e+00	-2.000000e+00	-4.431621e-02
9.939561075171397e+00	-2.000000e+00	4.089072e-01
9.949326700171397e+00	-2.000000e+00	8.134992e-01
9.959092325171397e+00	-2.000000e+00	1.161292e+00
9.968857950171397e+00	-2.000000e+00	1.445263e+00
9.978623575171397e+00	-2.000000e+00	1.659682e+00
9.988389200171397e+00	-2.000000e+00	1.815889e+00
9.990234375000000e+00	-2.000000e+00	1.836218e+00
9.993924724657205e+00	-2.000000e+00	1.860876e+00
1.000000000000000e+01	-2.000000e+00	1.886975e+00
