time	V(vin)	V(vout)
0.000000000000000e+00	-2.000000e+00	-1.999990e+00
1.999999992008394e-11	-1.920000e+00	-1.999990e+00
3.999999984016789e-11	-1.840000e+00	-1.999990e+00
7.999999968033578e-11	-1.680000e+00	-1.999990e+00
1.526626603698195e-10	-1.389349e+00	-1.999990e+00
2.979879817487869e-10	-8.080481e-01	-1.999990e+00
5.167669682520238e-10	6.706788e-02	-1.999990e+00
7.416127780701270e-10	9.664511e-01	-1.999990e+00
1.000000000000000e-09	2.000000e+00	-1.999990e+00
1.077516166578962e-09	2.000000e+00	-1.999990e+00
1.180871055350911e-09	2.000000e+00	-1.999990e+00
1.387580832894810e-09	2.000000e+00	-1.999990e+00
1.801000387982607e-09	2.000000e+00	-1.999990e+00
2.362362161547342e-09	2.000000e+00	-1.999990e+00
3.102154546669092e-09	2.000000e+00	-1.999990e+00
4.033333400164424e-09	2.000000e+00	-1.999990e+00
5.264043337032369e-09	2.000000e+00	-1.999990e+00
6.845822686802298e-09	2.000000e+00	-1.999992e+00
8.841824737349661e-09	2.000000e+00	-1.999997e+00
1.090072240739172e-08	2.000000e+00	-2.000009e+00
1.315169070625293e-08	2.000000e+00	-2.000035e+00
1.590843131396780e-08	2.000000e+00	-2.000086e+00
1.907410502267040e-08	2.000000e+00	-2.000180e+00
2.386473108951734e-08	2.000000e+00	-2.000392e+00
3.015606830647929e-08	2.000000e+00	-2.000770e+00
3.622743024283640e-08	2.000000e+00	-2.001221e+00
4.308496114751801e-08	2.000000e+00	-2.001795e+00
5.015352327767055e-08	2.000000e+00	-2.002393e+00
5.853080243451945e-08	2.000000e+00	-2.003041e+00
6.775808675648355e-08	2.000000e+00	-2.003609e+00
7.752502558936669e-08	2.000000e+00	-2.003993e+00
8.745943888407913e-08	2.000000e+00	-2.004124e+00
9.870232932148624e-08	2.000000e+00	-2.003978e+00
1.101789760550645e-07	2.000000e+00	-2.003559e+00
1.223567462168872e-07	2.000000e+00	-2.002890e+00
1.355782408741471e-07	2.000000e+00	-2.002012e+00
1.507610234125584e-07	2.000000e+00	-2.000953e+00
1.683697663254314e-07	2.000000e+00	-1.999810e+00
1.864102440221675e-07	2.000000e+00	-1.998851e+00
2.047899123429030e-07	2.000000e+00	-1.998171e+00
2.247138848342985e-07	2.000000e+00	-1.997784e+00
2.478306532250551e-07	2.000000e+00	-1.997717e+00
2.780489579825368e-07	2.000000e+00	-1.998004e+00
3.089901133123104e-07	2.000000e+00	-1.998492e+00
3.425626750999194e-07	2.000000e+00	-1.999035e+00
3.730636545209645e-07	2.000000e+00	-1.999424e+00
4.033664625031533e-07	2.000000e+00	-1.999685e+00
4.183140169398564e-07	2.000000e+00	-1.999768e+00
4.320012640414493e-07	2.000000e+00	-1.999814e+00
4.476956503464426e-07	2.000000e+00	-1.999848e+00
4.649423804036120e-07	2.000000e+00	-1.999871e+00
4.820034448470227e-07	2.000000e+00	-1.999884e+00
5.006995676642753e-07	2.000000e+00	-1.999891e+00
5.214993030769112e-07	2.000000e+00	-1.999898e+00
5.475508160439643e-07	2.000000e+00	-1.999907e+00
5.842614001155124e-07	2.000000e+00	-1.999922e+00
6.171821611732268e-07	2.000000e+00	-1.999938e+00
6.459701076572241e-07	2.000000e+00	-1.999951e+00
6.784688052289928e-07	2.000000e+00	-1.999964e+00
7.113795725694182e-07	2.000000e+00	-1.999974e+00
7.429072069061305e-07	2.000000e+00	-1.999979e+00
7.713794199996627e-07	2.000000e+00	-1.999983e+00
8.067486502757274e-07	2.000000e+00	-1.999985e+00
8.392423541344971e-07	2.000000e+00	-1.999986e+00
8.827513860604683e-07	2.000000e+00	-1.999987e+00
9.340184314577701e-07	2.000000e+00	-1.999988e+00
1.036552522252374e-06	2.000000e+00	-1.999989e+00
1.133325037779273e-06	2.000000e+00	-1.999990e+00
1.403600212903747e-06	2.000000e+00	-1.999990e+00
8.222650075699793e-04	2.000000e+00	-1.999586e+00
1.643126414927055e-03	2.000000e+00	-1.998536e+00
2.463987822284130e-03	2.000000e+00	-1.996841e+00
3.284849229641206e-03	2.000000e+00	-1.994501e+00
4.105710636998282e-03	2.000000e+00	-1.991516e+00
4.926572044355357e-03	2.000000e+00	-1.987885e+00
5.747433451712430e-03	2.000000e+00	-1.983609e+00
1.063024595171243e-02	2.000000e+00	-1.949983e+00
1.551305845171243e-02	2.000000e+00	-1.900938e+00
2.039587095171243e-02	2.000000e+00	-1.835840e+00
2.527868345171243e-02	2.000000e+00	-1.756021e+00
3.016149595171243e-02	2.000000e+00	-1.662798e+00
3.504430845171243e-02	2.000000e+00	-1.557473e+00
3.992712095171243e-02	2.000000e+00	-1.441326e+00
4.480993345171243e-02	2.000000e+00	-1.315607e+00
4.969274595171243e-02	2.000000e+00	-1.181537e+00
5.457555845171243e-02	2.000000e+00	-1.040299e+00
5.945837095171243e-02	2.000000e+00	-8.930366e-01
6.434118345171243e-02	2.000000e+00	-7.408530e-01
6.922399595171243e-02	2.000000e+00	-5.848044e-01
7.410680845171243e-02	2.000000e+00	-4.258999e-01
7.898962095171243e-02	2.000000e+00	-2.650990e-01
8.387243345171243e-02	2.000000e+00	-1.033102e-01
8.875524595171243e-02	2.000000e+00	5.861054e-02
9.363805845171243e-02	2.000000e+00	2.198603e-01
9.852087095171243e-02	2.000000e+00	3.796902e-01
1.034036834517124e-01	2.000000e+00	5.374054e-01
1.082864959517124e-01	2.000000e+00	6.923651e-01
1.131693084517124e-01	2.000000e+00	8.439826e-01
1.180521209517124e-01	2.000000e+00	9.917244e-01
1.229349334517124e-01	2.000000e+00	1.135110e+00
1.278177459517124e-01	2.000000e+00	1.273709e+00
1.327005584517124e-01	2.000000e+00	1.407144e+00
1.375833709517124e-01	2.000000e+00	1.535085e+00
1.424661834517124e-01	2.000000e+00	1.657250e+00
1.473489959517124e-01	2.000000e+00	1.773404e+00
1.522318084517124e-01	2.000000e+00	1.883355e+00
1.571146209517124e-01	2.000000e+00	1.986954e+00
1.619974334517124e-01	2.000000e+00	2.084093e+00
1.668802459517124e-01	2.000000e+00	2.174703e+00
1.766458709517124e-01	2.000000e+00	2.336232e+00
1.864114959517124e-01	2.000000e+00	2.471674e+00
1.961771209517124e-01	2.000000e+00	2.581641e+00
2.059427459517124e-01	2.000000e+00	2.667150e+00
2.108255584517124e-01	2.000000e+00	2.701147e+00
2.157083709517124e-01	2.000000e+00	2.729563e+00
2.205911834517124e-01	2.000000e+00	2.752610e+00
2.254739959517124e-01	2.000000e+00	2.770512e+00
2.303568084517124e-01	2.000000e+00	2.783506e+00
2.352396209517124e-01	2.000000e+00	2.791838e+00
2.401224334517124e-01	2.000000e+00	2.795759e+00
2.450052459517124e-01	2.000000e+00	2.795529e+00
2.498880584517124e-01	2.000000e+00	2.791410e+00
2.547708709517124e-01	2.000000e+00	2.783667e+00
2.596536834517124e-01	2.000000e+00	2.772566e+00
2.645364959517124e-01	2.000000e+00	2.758373e+00
2.694193084517124e-01	2.000000e+00	2.741354e+00
2.743021209517124e-01	2.000000e+00	2.721768e+00
2.791849334517124e-01	2.000000e+00	2.699873e+00
2.840677459517124e-01	2.000000e+00	2.675924e+00
2.889505584517124e-01	2.000000e+00	2.650167e+00
2.938333709517124e-01	2.000000e+00	2.622840e+00
2.987161834517124e-01	2.000000e+00	2.594179e+00
3.035989959517124e-01	2.000000e+00	2.564407e+00
3.084818084517124e-01	2.000000e+00	2.533741e+00
3.133646209517124e-01	2.000000e+00	2.502386e+00
3.182474334517124e-01	2.000000e+00	2.470541e+00
3.231302459517124e-01	2.000000e+00	2.438393e+00
3.280130584517124e-01	2.000000e+00	2.406118e+00
3.328958709517124e-01	2.000000e+00	2.373883e+00
3.377786834517124e-01	2.000000e+00	2.341843e+00
3.426614959517124e-01	2.000000e+00	2.310143e+00
3.475443084517124e-01	2.000000e+00	2.278918e+00
3.524271209517124e-01	2.000000e+00	2.248290e+00
3.573099334517124e-01	2.000000e+00	2.218373e+00
3.621927459517124e-01	2.000000e+00	2.189268e+00
3.670755584517124e-01	2.000000e+00	2.161068e+00
3.719583709517124e-01	2.000000e+00	2.133853e+00
3.768411834517124e-01	2.000000e+00	2.107695e+00
3.817239959517124e-01	2.000000e+00	2.082655e+00
3.866068084517124e-01	2.000000e+00	2.058787e+00
3.914896209517124e-01	2.000000e+00	2.036134e+00
3.963724334517124e-01	2.000000e+00	2.014729e+00
4.012552459517124e-01	2.000000e+00	1.994601e+00
4.061380584517124e-01	2.000000e+00	1.975766e+00
4.110208709517124e-01	2.000000e+00	1.958236e+00
4.207864959517124e-01	2.000000e+00	1.927101e+00
4.305521209517124e-01	2.000000e+00	1.901146e+00
4.403177459517124e-01	2.000000e+00	1.880235e+00
4.452005584517124e-01	2.000000e+00	1.871604e+00
4.500833709517124e-01	2.000000e+00	1.864147e+00
4.549661834517124e-01	2.000000e+00	1.857827e+00
4.598489959517124e-01	2.000000e+00	1.852602e+00
4.647318084517124e-01	2.000000e+00	1.848429e+00
4.696146209517124e-01	2.000000e+00	1.845262e+00
4.744974334517124e-01	2.000000e+00	1.843054e+00
4.793802459517124e-01	2.000000e+00	1.841755e+00
4.842630584517124e-01	2.000000e+00	1.841315e+00
4.891458709517124e-01	2.000000e+00	1.841680e+00
4.940286834517124e-01	2.000000e+00	1.842800e+00
4.989114959517124e-01	2.000000e+00	1.844620e+00
5.037943084517125e-01	2.000000e+00	1.847088e+00
5.086771209517125e-01	2.000000e+00	1.850151e+00
5.135599334517125e-01	2.000000e+00	1.853756e+00
5.184427459517125e-01	2.000000e+00	1.857852e+00
5.233255584517125e-01	2.000000e+00	1.862387e+00
5.282083709517125e-01	2.000000e+00	1.867312e+00
5.330911834517125e-01	2.000000e+00	1.872577e+00
5.379739959517125e-01	2.000000e+00	1.878137e+00
5.428568084517125e-01	2.000000e+00	1.883944e+00
5.477396209517125e-01	2.000000e+00	1.889954e+00
5.526224334517125e-01	2.000000e+00	1.896127e+00
5.575052459517125e-01	2.000000e+00	1.902420e+00
5.623880584517125e-01	2.000000e+00	1.908795e+00
5.672708709517125e-01	2.000000e+00	1.915217e+00
5.721536834517125e-01	2.000000e+00	1.921650e+00
5.770364959517125e-01	2.000000e+00	1.928062e+00
5.819193084517125e-01	2.000000e+00	1.934423e+00
5.868021209517125e-01	2.000000e+00	1.940706e+00
5.916849334517125e-01	2.000000e+00	1.946884e+00
5.965677459517125e-01	2.000000e+00	1.952933e+00
6.014505584517125e-01	2.000000e+00	1.958833e+00
6.063333709517125e-01	2.000000e+00	1.964562e+00
6.112161834517125e-01	2.000000e+00	1.970105e+00
6.160989959517125e-01	2.000000e+00	1.975446e+00
6.209818084517125e-01	2.000000e+00	1.980570e+00
6.258646209517125e-01	2.000000e+00	1.985467e+00
6.307474334517125e-01	2.000000e+00	1.990127e+00
6.356302459517125e-01	2.000000e+00	1.994542e+00
6.405130584517125e-01	2.000000e+00	1.998705e+00
6.453958709517125e-01	2.000000e+00	2.002613e+00
6.502786834517125e-01	2.000000e+00	2.006262e+00
6.600443084517125e-01	2.000000e+00	2.012777e+00
6.698099334517125e-01	2.000000e+00	2.018255e+00
6.795755584517125e-01	2.000000e+00	2.022718e+00
6.893411834517125e-01	2.000000e+00	2.026206e+00
6.942239959517125e-01	2.000000e+00	2.027599e+00
6.991068084517125e-01	2.000000e+00	2.028769e+00
7.039896209517125e-01	2.000000e+00	2.029725e+00
7.088724334517125e-01	2.000000e+00	2.030475e+00
7.137552459517125e-01	2.000000e+00	2.031027e+00
7.186380584517125e-01	2.000000e+00	2.031393e+00
7.235208709517125e-01	2.000000e+00	2.031581e+00
7.284036834517125e-01	2.000000e+00	2.031603e+00
7.332864959517125e-01	2.000000e+00	2.031468e+00
7.381693084517125e-01	2.000000e+00	2.031187e+00
7.430521209517125e-01	2.000000e+00	2.030771e+00
7.479349334517125e-01	2.000000e+00	2.030230e+00
7.528177459517125e-01	2.000000e+00	2.029574e+00
7.577005584517125e-01	2.000000e+00	2.028815e+00
7.625833709517125e-01	2.000000e+00	2.027962e+00
7.674661834517125e-01	2.000000e+00	2.027025e+00
7.723489959517125e-01	2.000000e+00	2.026015e+00
7.772318084517125e-01	2.000000e+00	2.024941e+00
7.821146209517125e-01	2.000000e+00	2.023812e+00
7.869974334517125e-01	2.000000e+00	2.022637e+00
7.918802459517125e-01	2.000000e+00	2.021425e+00
7.967630584517125e-01	2.000000e+00	2.020185e+00
8.016458709517125e-01	2.000000e+00	2.018923e+00
8.065286834517125e-01	2.000000e+00	2.017648e+00
8.114114959517125e-01	2.000000e+00	2.016366e+00
8.162943084517125e-01	2.000000e+00	2.015085e+00
8.211771209517125e-01	2.000000e+00	2.013810e+00
8.260599334517125e-01	2.000000e+00	2.012548e+00
8.309427459517125e-01	2.000000e+00	2.011304e+00
8.358255584517125e-01	2.000000e+00	2.010082e+00
8.407083709517125e-01	2.000000e+00	2.008888e+00
8.455911834517125e-01	2.000000e+00	2.007726e+00
8.504739959517125e-01	2.000000e+00	2.006599e+00
8.553568084517125e-01	2.000000e+00	2.005510e+00
8.602396209517125e-01	2.000000e+00	2.004463e+00
8.651224334517125e-01	2.000000e+00	2.003459e+00
8.700052459517125e-01	2.000000e+00	2.002502e+00
8.748880584517125e-01	2.000000e+00	2.001593e+00
8.797708709517125e-01	2.000000e+00	2.000734e+00
8.895364959517125e-01	2.000000e+00	1.999166e+00
8.993021209517125e-01	2.000000e+00	1.997806e+00
9.090677459517125e-01	2.000000e+00	1.996653e+00
9.188333709517125e-01	2.000000e+00	1.995704e+00
9.285989959517125e-01	2.000000e+00	1.994952e+00
9.383646209517125e-01	2.000000e+00	1.994387e+00
9.432474334517125e-01	2.000000e+00	1.994172e+00
9.481302459517125e-01	2.000000e+00	1.993998e+00
9.530130584517125e-01	2.000000e+00	1.993865e+00
9.578958709517125e-01	2.000000e+00	1.993770e+00
9.627786834517125e-01	2.000000e+00	1.993712e+00
9.676614959517125e-01	2.000000e+00	1.993688e+00
9.725443084517125e-01	2.000000e+00	1.993696e+00
9.774271209517125e-01	2.000000e+00	1.993735e+00
9.823099334517125e-01	2.000000e+00	1.993802e+00
9.871927459517125e-01	2.000000e+00	1.993896e+00
9.951171885000001e-01	2.000000e+00	1.994095e+00
1.000000001000000e+00	2.000000e+00	1.994245e+00
1.000000001100000e+00	1.600000e+00	1.994245e+00
1.000000001300000e+00	7.999999e-01	1.994245e+00
1.000000001453299e+00	1.868051e-01	1.994245e+00
1.000000001605963e+00	-4.238504e-01	1.994245e+00
1.000000001831006e+00	-1.324023e+00	1.994245e+00
1.000000002000000e+00	-1.999999e+00	1.994245e+00
1.000000002079815e+00	-2.000000e+00	1.994245e+00
1.000000002186234e+00	-2.000000e+00	1.994245e+00
1.000000002399073e+00	-2.000000e+00	1.994244e+00
1.000000002824750e+00	-2.000000e+00	1.994244e+00
1.000000003390932e+00	-2.000000e+00	1.994244e+00
1.000000004144497e+00	-2.000000e+00	1.994244e+00
1.000000005085225e+00	-2.000000e+00	1.994244e+00
1.000000006337110e+00	-2.000000e+00	1.994244e+00
1.000000007938994e+00	-2.000000e+00	1.994246e+00
1.000000009927228e+00	-2.000000e+00	1.994252e+00
1.000000012023893e+00	-2.000000e+00	1.994265e+00
1.000000014338288e+00	-2.000000e+00	1.994292e+00
1.000000017294082e+00	-2.000000e+00	1.994351e+00
1.000000020596992e+00	-2.000000e+00	1.994455e+00
1.000000026156868e+00	-2.000000e+00	1.994716e+00
1.000000032015165e+00	-2.000000e+00	1.995084e+00
1.000000038569423e+00	-2.000000e+00	1.995587e+00
1.000000045118085e+00	-2.000000e+00	1.996141e+00
1.000000052788973e+00	-2.000000e+00	1.996791e+00
1.000000061091456e+00	-2.000000e+00	1.997419e+00
1.000000071261882e+00	-2.000000e+00	1.998019e+00
1.000000080465302e+00	-2.000000e+00	1.998349e+00
1.000000091286264e+00	-2.000000e+00	1.998452e+00
1.000000102351190e+00	-2.000000e+00	1.998275e+00
1.000000114389830e+00	-2.000000e+00	1.997809e+00
1.000000126675938e+00	-2.000000e+00	1.997122e+00
1.000000140868784e+00	-2.000000e+00	1.996182e+00
1.000000156688639e+00	-2.000000e+00	1.995106e+00
1.000000176051128e+00	-2.000000e+00	1.993903e+00
1.000000193596034e+00	-2.000000e+00	1.993034e+00
1.000000213476662e+00	-2.000000e+00	1.992371e+00
1.000000233764962e+00	-2.000000e+00	1.992041e+00
1.000000259805401e+00	-2.000000e+00	1.992027e+00
1.000000293865041e+00	-2.000000e+00	1.992381e+00
1.000000329180065e+00	-2.000000e+00	1.992914e+00
1.000000364351989e+00	-2.000000e+00	1.993413e+00
1.000000398718694e+00	-2.000000e+00	1.993773e+00
1.000000423269913e+00	-2.000000e+00	1.993938e+00
1.000000443619704e+00	-2.000000e+00	1.994020e+00
1.000000465485619e+00	-2.000000e+00	1.994072e+00
1.000000489521078e+00	-2.000000e+00	1.994105e+00
1.000000514053564e+00	-2.000000e+00	1.994125e+00
1.000000541574634e+00	-2.000000e+00	1.994142e+00
1.000000573853448e+00	-2.000000e+00	1.994160e+00
1.000000610630084e+00	-2.000000e+00	1.994180e+00
1.000000650539018e+00	-2.000000e+00	1.994200e+00
1.000000688049553e+00	-2.000000e+00	1.994216e+00
1.000000726039433e+00	-2.000000e+00	1.994227e+00
1.000000761099340e+00	-2.000000e+00	1.994233e+00
1.000000799037825e+00	-2.000000e+00	1.994237e+00
1.000000833536169e+00	-2.000000e+00	1.994239e+00
1.000000876313482e+00	-2.000000e+00	1.994241e+00
1.000000925696282e+00	-2.000000e+00	1.994242e+00
1.000001002089301e+00	-2.000000e+00	1.994243e+00
1.000001098150202e+00	-2.000000e+00	1.994244e+00
1.000001220706040e+00	-2.000000e+00	1.994244e+00
1.000001856035343e+00	-2.000000e+00	1.994245e+00
1.001006444599948e+00	-2.000000e+00	1.993624e+00
1.002011033164554e+00	-2.000000e+00	1.992098e+00
1.003015621729159e+00	-2.000000e+00	1.989667e+00
1.004020210293765e+00	-2.000000e+00	1.986329e+00
1.005024798858370e+00	-2.000000e+00	1.982086e+00
1.006029387422975e+00	-2.000000e+00	1.976937e+00
1.007033975987581e+00	-2.000000e+00	1.970882e+00
1.011916788487581e+00	-2.000000e+00	1.933389e+00
1.016799600987581e+00	-2.000000e+00	1.880192e+00
1.021682413487581e+00	-2.000000e+00	1.811306e+00
1.026565225987581e+00	-2.000000e+00	1.728058e+00
1.031448038487581e+00	-2.000000e+00	1.631759e+00
1.036330850987581e+00	-2.000000e+00	1.523704e+00
1.041213663487581e+00	-2.000000e+00	1.405165e+00
1.046096475987581e+00	-2.000000e+00	1.277382e+00
1.050979288487581e+00	-2.000000e+00	1.141564e+00
1.055862100987581e+00	-2.000000e+00	9.988853e-01
1.060744913487581e+00	-2.000000e+00	8.504765e-01
1.065627725987581e+00	-2.000000e+00	6.974272e-01
1.070510538487581e+00	-2.000000e+00	5.407805e-01
1.075393350987581e+00	-2.000000e+00	3.815315e-01
1.080276163487581e+00	-2.000000e+00	2.206255e-01
1.085158975987581e+00	-2.000000e+00	5.895647e-02
1.090041788487581e+00	-2.000000e+00	-1.026344e-01
1.094924600987581e+00	-2.000000e+00	-2.633590e-01
1.099807413487581e+00	-2.000000e+00	-4.224835e-01
1.104690225987581e+00	-2.000000e+00	-5.793276e-01
1.109573038487581e+00	-2.000000e+00	-7.332655e-01
1.114455850987581e+00	-2.000000e+00	-8.837248e-01
1.119338663487581e+00	-2.000000e+00	-1.030186e+00
1.124221475987581e+00	-2.000000e+00	-1.172183e+00
1.129104288487581e+00	-2.000000e+00	-1.309300e+00
1.133987100987581e+00	-2.000000e+00	-1.441171e+00
1.138869913487581e+00	-2.000000e+00	-1.567479e+00
1.143752725987581e+00	-2.000000e+00	-1.687956e+00
1.148635538487581e+00	-2.000000e+00	-1.802377e+00
1.153518350987581e+00	-2.000000e+00	-1.910561e+00
1.158401163487581e+00	-2.000000e+00	-2.012372e+00
1.163283975987581e+00	-2.000000e+00	-2.107711e+00
1.168166788487581e+00	-2.000000e+00	-2.196517e+00
1.177932413487581e+00	-2.000000e+00	-2.354469e+00
1.187698038487581e+00	-2.000000e+00	-2.486424e+00
1.197463663487581e+00	-2.000000e+00	-2.593047e+00
1.202346475987581e+00	-2.000000e+00	-2.637180e+00
1.207229288487581e+00	-2.000000e+00	-2.675406e+00
1.212112100987581e+00	-2.000000e+00	-2.707911e+00
1.216994913487581e+00	-2.000000e+00	-2.734896e+00
1.221877725987581e+00	-2.000000e+00	-2.756575e+00
1.226760538487581e+00	-2.000000e+00	-2.773176e+00
1.231643350987581e+00	-2.000000e+00	-2.784939e+00
1.236526163487581e+00	-2.000000e+00	-2.792109e+00
1.241408975987581e+00	-2.000000e+00	-2.794941e+00
1.246291788487581e+00	-2.000000e+00	-2.793694e+00
1.251174600987581e+00	-2.000000e+00	-2.788630e+00
1.256057413487581e+00	-2.000000e+00	-2.780017e+00
1.260940225987581e+00	-2.000000e+00	-2.768118e+00
1.265823038487581e+00	-2.000000e+00	-2.753200e+00
1.270705850987581e+00	-2.000000e+00	-2.735525e+00
1.275588663487581e+00	-2.000000e+00	-2.715354e+00
1.280471475987581e+00	-2.000000e+00	-2.692943e+00
1.285354288487581e+00	-2.000000e+00	-2.668544e+00
1.290237100987581e+00	-2.000000e+00	-2.642400e+00
1.295119913487581e+00	-2.000000e+00	-2.614751e+00
1.300002725987581e+00	-2.000000e+00	-2.585827e+00
1.304885538487581e+00	-2.000000e+00	-2.555849e+00
1.309768350987581e+00	-2.000000e+00	-2.525032e+00
1.314651163487581e+00	-2.000000e+00	-2.493579e+00
1.319533975987581e+00	-2.000000e+00	-2.461685e+00
1.324416788487581e+00	-2.000000e+00	-2.429534e+00
1.329299600987581e+00	-2.000000e+00	-2.397300e+00
1.334182413487581e+00	-2.000000e+00	-2.365147e+00
1.339065225987581e+00	-2.000000e+00	-2.333226e+00
1.343948038487581e+00	-2.000000e+00	-2.301681e+00
1.348830850987581e+00	-2.000000e+00	-2.270642e+00
1.353713663487581e+00	-2.000000e+00	-2.240230e+00
1.358596475987581e+00	-2.000000e+00	-2.210553e+00
1.363479288487581e+00	-2.000000e+00	-2.181713e+00
1.368362100987581e+00	-2.000000e+00	-2.153797e+00
1.373244913487581e+00	-2.000000e+00	-2.126884e+00
1.378127725987581e+00	-2.000000e+00	-2.101044e+00
1.383010538487581e+00	-2.000000e+00	-2.076335e+00
1.387893350987581e+00	-2.000000e+00	-2.052807e+00
1.392776163487581e+00	-2.000000e+00	-2.030502e+00
1.397658975987581e+00	-2.000000e+00	-2.009452e+00
1.402541788487581e+00	-2.000000e+00	-1.989681e+00
1.407424600987581e+00	-2.000000e+00	-1.971205e+00
1.417190225987581e+00	-2.000000e+00	-1.938171e+00
1.426955850987581e+00	-2.000000e+00	-1.910339e+00
1.436721475987581e+00	-2.000000e+00	-1.887605e+00
1.446487100987581e+00	-2.000000e+00	-1.869777e+00
1.451369913487581e+00	-2.000000e+00	-1.862625e+00
1.456252725987581e+00	-2.000000e+00	-1.856596e+00
1.461135538487581e+00	-2.000000e+00	-1.851651e+00
1.466018350987581e+00	-2.000000e+00	-1.847745e+00
1.470901163487581e+00	-2.000000e+00	-1.844833e+00
1.475783975987581e+00	-2.000000e+00	-1.842865e+00
1.480666788487581e+00	-2.000000e+00	-1.841792e+00
1.485549600987581e+00	-2.000000e+00	-1.841562e+00
1.490432413487581e+00	-2.000000e+00	-1.842125e+00
1.495315225987581e+00	-2.000000e+00	-1.843426e+00
1.500198038487581e+00	-2.000000e+00	-1.845414e+00
1.505080850987581e+00	-2.000000e+00	-1.848036e+00
1.509963663487581e+00	-2.000000e+00	-1.851237e+00
1.514846475987581e+00	-2.000000e+00	-1.854967e+00
1.519729288487581e+00	-2.000000e+00	-1.859174e+00
1.524612100987581e+00	-2.000000e+00	-1.863807e+00
1.529494913487581e+00	-2.000000e+00	-1.868816e+00
1.534377725987581e+00	-2.000000e+00	-1.874153e+00
1.539260538487581e+00	-2.000000e+00	-1.879772e+00
1.544143350987581e+00	-2.000000e+00	-1.885627e+00
1.549026163487581e+00	-2.000000e+00	-1.891674e+00
1.553908975987581e+00	-2.000000e+00	-1.897872e+00
1.558791788487581e+00	-2.000000e+00	-1.904181e+00
1.563674600987581e+00	-2.000000e+00	-1.910562e+00
1.568557413487581e+00	-2.000000e+00	-1.916980e+00
1.573440225987581e+00	-2.000000e+00	-1.923402e+00
1.578323038487581e+00	-2.000000e+00	-1.929795e+00
1.583205850987581e+00	-2.000000e+00	-1.936130e+00
1.588088663487581e+00	-2.000000e+00	-1.942379e+00
1.592971475987581e+00	-2.000000e+00	-1.948517e+00
1.597854288487581e+00	-2.000000e+00	-1.954522e+00
1.602737100987581e+00	-2.000000e+00	-1.960371e+00
1.607619913487581e+00	-2.000000e+00	-1.966046e+00
1.612502725987581e+00	-2.000000e+00	-1.971531e+00
1.617385538487581e+00	-2.000000e+00	-1.976810e+00
1.622268350987581e+00	-2.000000e+00	-1.981870e+00
1.627151163487581e+00	-2.000000e+00	-1.986700e+00
1.632033975987581e+00	-2.000000e+00	-1.991292e+00
1.636916788487581e+00	-2.000000e+00	-1.995636e+00
1.641799600987581e+00	-2.000000e+00	-1.999729e+00
1.646682413487581e+00	-2.000000e+00	-2.003565e+00
1.651565225987581e+00	-2.000000e+00	-2.007143e+00
1.661330850987581e+00	-2.000000e+00	-2.013516e+00
1.671096475987581e+00	-2.000000e+00	-2.018855e+00
1.680862100987581e+00	-2.000000e+00	-2.023185e+00
1.690627725987581e+00	-2.000000e+00	-2.026546e+00
1.695510538487581e+00	-2.000000e+00	-2.027879e+00
1.700393350987581e+00	-2.000000e+00	-2.028993e+00
1.705276163487581e+00	-2.000000e+00	-2.029893e+00
1.710158975987581e+00	-2.000000e+00	-2.030591e+00
1.715041788487581e+00	-2.000000e+00	-2.031094e+00
1.719924600987581e+00	-2.000000e+00	-2.031413e+00
1.724807413487581e+00	-2.000000e+00	-2.031557e+00
1.729690225987581e+00	-2.000000e+00	-2.031538e+00
1.734573038487581e+00	-2.000000e+00	-2.031365e+00
1.739455850987581e+00	-2.000000e+00	-2.031049e+00
1.744338663487581e+00	-2.000000e+00	-2.030600e+00
1.749221475987581e+00	-2.000000e+00	-2.030030e+00
1.754104288487581e+00	-2.000000e+00	-2.029348e+00
1.758987100987581e+00	-2.000000e+00	-2.028565e+00
1.763869913487581e+00	-2.000000e+00	-2.027691e+00
1.768752725987581e+00	-2.000000e+00	-2.026736e+00
1.773635538487581e+00	-2.000000e+00	-2.025710e+00
1.778518350987581e+00	-2.000000e+00	-2.024623e+00
1.783401163487581e+00	-2.000000e+00	-2.023483e+00
1.788283975987581e+00	-2.000000e+00	-2.022299e+00
1.793166788487581e+00	-2.000000e+00	-2.021081e+00
1.798049600987581e+00	-2.000000e+00	-2.019836e+00
1.802932413487581e+00	-2.000000e+00	-2.018572e+00
1.807815225987581e+00	-2.000000e+00	-2.017296e+00
1.812698038487581e+00	-2.000000e+00	-2.016016e+00
1.817580850987581e+00	-2.000000e+00	-2.014738e+00
1.822463663487581e+00	-2.000000e+00	-2.013468e+00
1.827346475987581e+00	-2.000000e+00	-2.012211e+00
1.832229288487581e+00	-2.000000e+00	-2.010974e+00
1.837112100987581e+00	-2.000000e+00	-2.009761e+00
1.841994913487581e+00	-2.000000e+00	-2.008576e+00
1.846877725987581e+00	-2.000000e+00	-2.007424e+00
1.851760538487581e+00	-2.000000e+00	-2.006308e+00
1.856643350987581e+00	-2.000000e+00	-2.005231e+00
1.861526163487581e+00	-2.000000e+00	-2.004197e+00
1.866408975987581e+00	-2.000000e+00	-2.003206e+00
1.871291788487581e+00	-2.000000e+00	-2.002263e+00
1.876174600987581e+00	-2.000000e+00	-2.001368e+00
1.881057413487581e+00	-2.000000e+00	-2.000522e+00
1.890823038487581e+00	-2.000000e+00	-1.998983e+00
1.900588663487581e+00	-2.000000e+00	-1.997651e+00
1.910354288487581e+00	-2.000000e+00	-1.996526e+00
1.920119913487581e+00	-2.000000e+00	-1.995604e+00
1.929885538487581e+00	-2.000000e+00	-1.994878e+00
1.939651163487581e+00	-2.000000e+00	-1.994337e+00
1.944533975987581e+00	-2.000000e+00	-1.994132e+00
1.949416788487581e+00	-2.000000e+00	-1.993969e+00
1.954299600987581e+00	-2.000000e+00	-1.993846e+00
1.959182413487581e+00	-2.000000e+00	-1.993761e+00
1.964065225987581e+00	-2.000000e+00	-1.993712e+00
1.968948038487581e+00	-2.000000e+00	-1.993697e+00
1.973830850987581e+00	-2.000000e+00	-1.993713e+00
1.978713663487581e+00	-2.000000e+00	-1.993759e+00
1.983596475987581e+00	-2.000000e+00	-1.993833e+00
1.988479288487581e+00	-2.000000e+00	-1.993933e+00
1.996489826975162e+00	-2.000000e+00	-1.994141e+00
2.000000000000000e+00	-2.000000e+00	-1.994252e+00
2.000000000100000e+00	-1.600000e+00	-1.994252e+00
2.000000000300000e+00	-7.999999e-01	-1.994252e+00
2.000000000453298e+00	-1.868068e-01	-1.994252e+00
2.000000000605962e+00	4.238496e-01	-1.994252e+00
2.000000000831005e+00	1.324022e+00	-1.994252e+00
2.000000001000000e+00	2.000000e+00	-1.994252e+00
2.000000001079815e+00	2.000000e+00	-1.994252e+00
2.000000001186234e+00	2.000000e+00	-1.994252e+00
2.000000001399073e+00	2.000000e+00	-1.994252e+00
2.000000001824750e+00	2.000000e+00	-1.994252e+00
2.000000002390932e+00	2.000000e+00	-1.994252e+00
2.000000003144497e+00	2.000000e+00	-1.994252e+00
2.000000004085224e+00	2.000000e+00	-1.994252e+00
2.000000005337108e+00	2.000000e+00	-1.994252e+00
2.000000006938980e+00	2.000000e+00	-1.994254e+00
2.000000008927198e+00	2.000000e+00	-1.994259e+00
2.000000011023757e+00	2.000000e+00	-1.994272e+00
2.000000013257837e+00	2.000000e+00	-1.994298e+00
2.000000016100329e+00	2.000000e+00	-1.994353e+00
2.000000019229299e+00	2.000000e+00	-1.994448e+00
2.000000024216522e+00	2.000000e+00	-1.994673e+00
2.000000030398127e+00	2.000000e+00	-1.995049e+00
2.000000036599152e+00	2.000000e+00	-1.995514e+00
2.000000043366479e+00	2.000000e+00	-1.996081e+00
2.000000050576129e+00	2.000000e+00	-1.996691e+00
2.000000058897745e+00	2.000000e+00	-1.997329e+00
2.000000068297352e+00	2.000000e+00	-1.997899e+00
2.000000077893680e+00	2.000000e+00	-1.998265e+00
2.000000088013775e+00	2.000000e+00	-1.998386e+00
2.000000099177931e+00	2.000000e+00	-1.998228e+00
2.000000110747771e+00	2.000000e+00	-1.997794e+00
2.000000122888390e+00	2.000000e+00	-1.997119e+00
2.000000136255138e+00	2.000000e+00	-1.996227e+00
2.000000151461873e+00	2.000000e+00	-1.995167e+00
2.000000169286791e+00	2.000000e+00	-1.994017e+00
2.000000187169967e+00	2.000000e+00	-1.993078e+00
2.000000205732422e+00	2.000000e+00	-1.992406e+00
2.000000225627305e+00	2.000000e+00	-1.992036e+00
2.000000249098028e+00	2.000000e+00	-1.991984e+00
2.000000279684868e+00	2.000000e+00	-1.992289e+00
2.000000310670450e+00	2.000000e+00	-1.992782e+00
2.000000344097676e+00	2.000000e+00	-1.993320e+00
2.000000374656231e+00	2.000000e+00	-1.993704e+00
2.000000403075417e+00	2.000000e+00	-1.993947e+00
2.000000417959114e+00	2.000000e+00	-1.994028e+00
2.000000431834663e+00	2.000000e+00	-1.994075e+00
2.000000447607577e+00	2.000000e+00	-1.994110e+00
2.000000464901483e+00	2.000000e+00	-1.994133e+00
2.000000481964165e+00	2.000000e+00	-1.994145e+00
2.000000500689851e+00	2.000000e+00	-1.994153e+00
2.000000521493356e+00	2.000000e+00	-1.994160e+00
2.000000547568938e+00	2.000000e+00	-1.994169e+00
2.000000584237256e+00	2.000000e+00	-1.994184e+00
2.000000617218316e+00	2.000000e+00	-1.994200e+00
2.000000646056387e+00	2.000000e+00	-1.994213e+00
2.000000678602467e+00	2.000000e+00	-1.994226e+00
2.000000711584156e+00	2.000000e+00	-1.994236e+00
2.000000743115007e+00	2.000000e+00	-1.994242e+00
2.000000771627739e+00	2.000000e+00	-1.994245e+00
2.000000806991459e+00	2.000000e+00	-1.994247e+00
2.000000839555304e+00	2.000000e+00	-1.994248e+00
2.000000883128242e+00	2.000000e+00	-1.994249e+00
2.000000934592487e+00	2.000000e+00	-1.994250e+00
2.000001037520975e+00	2.000000e+00	-1.994251e+00
2.000001134377810e+00	2.000000e+00	-1.994252e+00
2.000001404394444e+00	2.000000e+00	-1.994252e+00
2.000832568263594e+00	2.000000e+00	-1.993863e+00
2.001663732132744e+00	2.000000e+00	-1.992816e+00
2.002494896001895e+00	2.000000e+00	-1.991111e+00
2.003326059871045e+00	2.000000e+00	-1.988747e+00
2.004157223740196e+00	2.000000e+00	-1.985725e+00
2.004988387609346e+00	2.000000e+00	-1.982045e+00
2.005819551478496e+00	2.000000e+00	-1.977707e+00
2.010702363978496e+00	2.000000e+00	-1.944042e+00
2.015585176478496e+00	2.000000e+00	-1.894954e+00
2.020467988978496e+00	2.000000e+00	-1.829846e+00
2.025350801478496e+00	2.000000e+00	-1.750045e+00
2.030233613978496e+00	2.000000e+00	-1.656870e+00
2.035116426478496e+00	2.000000e+00	-1.551619e+00
2.039999238978496e+00	2.000000e+00	-1.435569e+00
2.044882051478496e+00	2.000000e+00	-1.309970e+00
2.049764863978496e+00	2.000000e+00	-1.176039e+00
2.054647676478496e+00	2.000000e+00	-1.034959e+00
2.059530488978496e+00	2.000000e+00	-8.878713e-01
2.064413301478496e+00	2.000000e+00	-7.358763e-01
2.069296113978496e+00	2.000000e+00	-5.800288e-01
2.074178926478496e+00	2.000000e+00	-4.213362e-01
2.079061738978496e+00	2.000000e+00	-2.607562e-01
2.083944551478496e+00	2.000000e+00	-9.919570e-02
2.088827363978496e+00	2.000000e+00	6.249086e-02
2.093710176478496e+00	2.000000e+00	2.235022e-01
2.098592988978496e+00	2.000000e+00	3.830908e-01
2.103475801478496e+00	2.000000e+00	5.405632e-01
2.108358613978496e+00	2.000000e+00	6.952800e-01
2.113241426478496e+00	2.000000e+00	8.466555e-01
2.118124238978496e+00	2.000000e+00	9.941574e-01
2.123007051478496e+00	2.000000e+00	1.137306e+00
2.127889863978496e+00	2.000000e+00	1.275673e+00
2.132772676478496e+00	2.000000e+00	1.408880e+00
2.137655488978496e+00	2.000000e+00	1.536600e+00
2.142538301478496e+00	2.000000e+00	1.658550e+00
2.147421113978496e+00	2.000000e+00	1.774495e+00
2.152303926478496e+00	2.000000e+00	1.884246e+00
2.157186738978496e+00	2.000000e+00	1.987653e+00
2.162069551478496e+00	2.000000e+00	2.084609e+00
2.166952363978496e+00	2.000000e+00	2.175044e+00
2.176717988978496e+00	2.000000e+00	2.336253e+00
2.186483613978496e+00	2.000000e+00	2.471413e+00
2.196249238978496e+00	2.000000e+00	2.581137e+00
2.206014863978496e+00	2.000000e+00	2.666443e+00
2.210897676478496e+00	2.000000e+00	2.700353e+00
2.215780488978496e+00	2.000000e+00	2.728691e+00
2.220663301478496e+00	2.000000e+00	2.751669e+00
2.225546113978496e+00	2.000000e+00	2.769511e+00
2.230428926478496e+00	2.000000e+00	2.782454e+00
2.235311738978496e+00	2.000000e+00	2.790743e+00
2.240194551478496e+00	2.000000e+00	2.794630e+00
2.245077363978496e+00	2.000000e+00	2.794373e+00
2.249960176478496e+00	2.000000e+00	2.790234e+00
2.254842988978496e+00	2.000000e+00	2.782478e+00
2.259725801478496e+00	2.000000e+00	2.771372e+00
2.264608613978496e+00	2.000000e+00	2.757179e+00
2.269491426478496e+00	2.000000e+00	2.740166e+00
2.274374238978496e+00	2.000000e+00	2.720592e+00
2.279257051478496e+00	2.000000e+00	2.698714e+00
2.284139863978496e+00	2.000000e+00	2.674786e+00
2.289022676478496e+00	2.000000e+00	2.649054e+00
2.293905488978496e+00	2.000000e+00	2.621757e+00
2.298788301478496e+00	2.000000e+00	2.593129e+00
2.303671113978496e+00	2.000000e+00	2.563393e+00
2.308553926478496e+00	2.000000e+00	2.532765e+00
2.313436738978496e+00	2.000000e+00	2.501451e+00
2.318319551478496e+00	2.000000e+00	2.469649e+00
2.323202363978496e+00	2.000000e+00	2.437546e+00
2.328085176478496e+00	2.000000e+00	2.405317e+00
2.332967988978496e+00	2.000000e+00	2.373128e+00
2.337850801478496e+00	2.000000e+00	2.341136e+00
2.342733613978496e+00	2.000000e+00	2.309484e+00
2.347616426478496e+00	2.000000e+00	2.278308e+00
2.352499238978496e+00	2.000000e+00	2.247729e+00
2.357382051478496e+00	2.000000e+00	2.217860e+00
2.362264863978496e+00	2.000000e+00	2.188803e+00
2.367147676478496e+00	2.000000e+00	2.160649e+00
2.372030488978496e+00	2.000000e+00	2.133480e+00
2.376913301478496e+00	2.000000e+00	2.107367e+00
2.381796113978496e+00	2.000000e+00	2.082371e+00
2.386678926478496e+00	2.000000e+00	2.058545e+00
2.391561738978496e+00	2.000000e+00	2.035933e+00
2.396444551478496e+00	2.000000e+00	2.014568e+00
2.401327363978496e+00	2.000000e+00	1.994477e+00
2.406210176478496e+00	2.000000e+00	1.975678e+00
2.411092988978496e+00	2.000000e+00	1.958182e+00
2.420858613978496e+00	2.000000e+00	1.927109e+00
2.430624238978496e+00	2.000000e+00	1.901209e+00
2.440389863978496e+00	2.000000e+00	1.880344e+00
2.445272676478496e+00	2.000000e+00	1.871734e+00
2.450155488978496e+00	2.000000e+00	1.864296e+00
2.455038301478496e+00	2.000000e+00	1.857992e+00
2.459921113978496e+00	2.000000e+00	1.852781e+00
2.464803926478496e+00	2.000000e+00	1.848621e+00
2.469686738978496e+00	2.000000e+00	1.845466e+00
2.474569551478496e+00	2.000000e+00	1.843267e+00
2.479452363978496e+00	2.000000e+00	1.841977e+00
2.484335176478496e+00	2.000000e+00	1.841542e+00
2.489217988978496e+00	2.000000e+00	1.841913e+00
2.494100801478496e+00	2.000000e+00	1.843035e+00
2.498983613978496e+00	2.000000e+00	1.844858e+00
2.503866426478496e+00	2.000000e+00	1.847326e+00
2.508749238978496e+00	2.000000e+00	1.850389e+00
2.513632051478496e+00	2.000000e+00	1.853992e+00
2.518514863978496e+00	2.000000e+00	1.858085e+00
2.523397676478496e+00	2.000000e+00	1.862616e+00
2.528280488978496e+00	2.000000e+00	1.867537e+00
2.533163301478496e+00	2.000000e+00	1.872797e+00
2.538046113978496e+00	2.000000e+00	1.878350e+00
2.542928926478496e+00	2.000000e+00	1.884150e+00
2.547811738978496e+00	2.000000e+00	1.890153e+00
2.552694551478496e+00	2.000000e+00	1.896318e+00
2.557577363978496e+00	2.000000e+00	1.902602e+00
2.562460176478496e+00	2.000000e+00	1.908969e+00
2.567342988978496e+00	2.000000e+00	1.915382e+00
2.572225801478496e+00	2.000000e+00	1.921806e+00
2.577108613978496e+00	2.000000e+00	1.928208e+00
2.581991426478496e+00	2.000000e+00	1.934560e+00
2.586874238978496e+00	2.000000e+00	1.940833e+00
2.591757051478496e+00	2.000000e+00	1.947001e+00
2.596639863978496e+00	2.000000e+00	1.953041e+00
2.601522676478496e+00	2.000000e+00	1.958931e+00
2.606405488978496e+00	2.000000e+00	1.964651e+00
2.611288301478496e+00	2.000000e+00	1.970185e+00
2.616171113978496e+00	2.000000e+00	1.975516e+00
2.621053926478496e+00	2.000000e+00	1.980632e+00
2.625936738978496e+00	2.000000e+00	1.985520e+00
2.630819551478496e+00	2.000000e+00	1.990172e+00
2.635702363978496e+00	2.000000e+00	1.994579e+00
2.640585176478496e+00	2.000000e+00	1.998734e+00
2.645467988978496e+00	2.000000e+00	2.002635e+00
2.650350801478496e+00	2.000000e+00	2.006277e+00
2.660116426478496e+00	2.000000e+00	2.012779e+00
2.669882051478496e+00	2.000000e+00	2.018246e+00
2.679647676478496e+00	2.000000e+00	2.022699e+00
2.689413301478496e+00	2.000000e+00	2.026178e+00
2.694296113978496e+00	2.000000e+00	2.027568e+00
2.699178926478496e+00	2.000000e+00	2.028736e+00
2.704061738978496e+00	2.000000e+00	2.029688e+00
2.708944551478496e+00	2.000000e+00	2.030435e+00
2.713827363978496e+00	2.000000e+00	2.030986e+00
2.718710176478496e+00	2.000000e+00	2.031349e+00
2.723592988978496e+00	2.000000e+00	2.031537e+00
2.728475801478496e+00	2.000000e+00	2.031557e+00
2.733358613978496e+00	2.000000e+00	2.031421e+00
2.738241426478496e+00	2.000000e+00	2.031140e+00
2.743124238978496e+00	2.000000e+00	2.030723e+00
2.748007051478496e+00	2.000000e+00	2.030182e+00
2.752889863978496e+00	2.000000e+00	2.029527e+00
2.757772676478496e+00	2.000000e+00	2.028768e+00
2.762655488978496e+00	2.000000e+00	2.027916e+00
2.767538301478496e+00	2.000000e+00	2.026980e+00
2.772421113978496e+00	2.000000e+00	2.025971e+00
2.777303926478496e+00	2.000000e+00	2.024898e+00
2.782186738978496e+00	2.000000e+00	2.023770e+00
2.787069551478496e+00	2.000000e+00	2.022597e+00
2.791952363978496e+00	2.000000e+00	2.021386e+00
2.796835176478496e+00	2.000000e+00	2.020147e+00
2.801717988978496e+00	2.000000e+00	2.018887e+00
2.806600801478496e+00	2.000000e+00	2.017614e+00
2.811483613978496e+00	2.000000e+00	2.016334e+00
2.816366426478496e+00	2.000000e+00	2.015055e+00
2.821249238978496e+00	2.000000e+00	2.013782e+00
2.826132051478496e+00	2.000000e+00	2.012522e+00
2.831014863978496e+00	2.000000e+00	2.011279e+00
2.835897676478496e+00	2.000000e+00	2.010060e+00
2.840780488978496e+00	2.000000e+00	2.008868e+00
2.845663301478496e+00	2.000000e+00	2.007707e+00
2.850546113978496e+00	2.000000e+00	2.006582e+00
2.855428926478496e+00	2.000000e+00	2.005495e+00
2.860311738978496e+00	2.000000e+00	2.004449e+00
2.865194551478496e+00	2.000000e+00	2.003448e+00
2.870077363978496e+00	2.000000e+00	2.002492e+00
2.874960176478496e+00	2.000000e+00	2.001585e+00
2.879842988978496e+00	2.000000e+00	2.000727e+00
2.889608613978496e+00	2.000000e+00	1.999163e+00
2.899374238978496e+00	2.000000e+00	1.997805e+00
2.909139863978496e+00	2.000000e+00	1.996654e+00
2.918905488978496e+00	2.000000e+00	1.995707e+00
2.928671113978496e+00	2.000000e+00	1.994957e+00
2.938436738978496e+00	2.000000e+00	1.994394e+00
2.943319551478496e+00	2.000000e+00	1.994179e+00
2.948202363978496e+00	2.000000e+00	1.994006e+00
2.953085176478496e+00	2.000000e+00	1.993873e+00
2.957967988978496e+00	2.000000e+00	1.993778e+00
2.962850801478496e+00	2.000000e+00	1.993720e+00
2.967733613978496e+00	2.000000e+00	1.993697e+00
2.972616426478496e+00	2.000000e+00	1.993706e+00
2.977499238978496e+00	2.000000e+00	1.993744e+00
2.982382051478496e+00	2.000000e+00	1.993812e+00
2.987264863978496e+00	2.000000e+00	1.993905e+00
2.995117188500000e+00	2.000000e+00	1.994103e+00
3.000000001000000e+00	2.000000e+00	1.994251e+00
3.000000001100000e+00	1.600000e+00	1.994251e+00
3.000000001300000e+00	7.999999e-01	1.994251e+00
3.000000001453299e+00	1.868051e-01	1.994251e+00
3.000000001605963e+00	-4.238513e-01	1.994251e+00
3.000000001831006e+00	-1.324024e+00	1.994251e+00
3.000000002000000e+00	-2.000000e+00	1.994251e+00
3.000000002079815e+00	-2.000000e+00	1.994251e+00
3.000000002186234e+00	-2.000000e+00	1.994251e+00
3.000000002399073e+00	-2.000000e+00	1.994251e+00
3.000000002824750e+00	-2.000000e+00	1.994251e+00
3.000000003390932e+00	-2.000000e+00	1.994251e+00
3.000000004144497e+00	-2.000000e+00	1.994251e+00
3.000000005085225e+00	-2.000000e+00	1.994251e+00
3.000000006337110e+00	-2.000000e+00	1.994251e+00
3.000000007938992e+00	-2.000000e+00	1.994253e+00
3.000000009927227e+00	-2.000000e+00	1.994259e+00
3.000000012023891e+00	-2.000000e+00	1.994272e+00
3.000000014338287e+00	-2.000000e+00	1.994299e+00
3.000000017294076e+00	-2.000000e+00	1.994358e+00
3.000000020596989e+00	-2.000000e+00	1.994462e+00
3.000000026156855e+00	-2.000000e+00	1.994722e+00
3.000000032015158e+00	-2.000000e+00	1.995091e+00
3.000000038569408e+00	-2.000000e+00	1.995594e+00
3.000000045118075e+00	-2.000000e+00	1.996148e+00
3.000000052788955e+00	-2.000000e+00	1.996798e+00
3.000000061091441e+00	-2.000000e+00	1.997426e+00
3.000000071261859e+00	-2.000000e+00	1.998026e+00
3.000000080465286e+00	-2.000000e+00	1.998356e+00
3.000000091286239e+00	-2.000000e+00	1.998459e+00
3.000000102351168e+00	-2.000000e+00	1.998282e+00
3.000000114389803e+00	-2.000000e+00	1.997816e+00
3.000000126675913e+00	-2.000000e+00	1.997128e+00
3.000000140868750e+00	-2.000000e+00	1.996189e+00
3.000000156688605e+00	-2.000000e+00	1.995113e+00
3.000000176051082e+00	-2.000000e+00	1.993910e+00
3.000000193595995e+00	-2.000000e+00	1.993041e+00
3.000000213476613e+00	-2.000000e+00	1.992378e+00
3.000000233764914e+00	-2.000000e+00	1.992048e+00
3.000000259805331e+00	-2.000000e+00	1.992034e+00
3.000000293864939e+00	-2.000000e+00	1.992388e+00
3.000000329179978e+00	-2.000000e+00	1.992921e+00
3.000000364351892e+00	-2.000000e+00	1.993420e+00
3.000000398718605e+00	-2.000000e+00	1.993780e+00
3.000000423269868e+00	-2.000000e+00	1.993945e+00
3.000000443619666e+00	-2.000000e+00	1.994027e+00
3.000000465485573e+00	-2.000000e+00	1.994079e+00
3.000000489521032e+00	-2.000000e+00	1.994112e+00
3.000000514053512e+00	-2.000000e+00	1.994133e+00
3.000000541574578e+00	-2.000000e+00	1.994149e+00
3.000000573853373e+00	-2.000000e+00	1.994167e+00
3.000000610630003e+00	-2.000000e+00	1.994187e+00
3.000000650538940e+00	-2.000000e+00	1.994207e+00
3.000000688049477e+00	-2.000000e+00	1.994223e+00
3.000000726039357e+00	-2.000000e+00	1.994234e+00
3.000000761099284e+00	-2.000000e+00	1.994240e+00
3.000000799037770e+00	-2.000000e+00	1.994244e+00
3.000000833536112e+00	-2.000000e+00	1.994246e+00
3.000000876313408e+00	-2.000000e+00	1.994248e+00
3.000000925696190e+00	-2.000000e+00	1.994249e+00
3.000001002089149e+00	-2.000000e+00	1.994250e+00
3.000001098150049e+00	-2.000000e+00	1.994251e+00
3.000001220705807e+00	-2.000000e+00	1.994251e+00
3.000001856034637e+00	-2.000000e+00	1.994251e+00
3.001006443313720e+00	-2.000000e+00	1.993631e+00
3.002011030592804e+00	-2.000000e+00	1.992105e+00
3.003015617871887e+00	-2.000000e+00	1.989673e+00
3.004020205150971e+00	-2.000000e+00	1.986336e+00
3.005024792430054e+00	-2.000000e+00	1.982092e+00
3.006029379709137e+00	-2.000000e+00	1.976943e+00
3.007033966988220e+00	-2.000000e+00	1.970888e+00
3.011916779488220e+00	-2.000000e+00	1.933395e+00
3.016799591988220e+00	-2.000000e+00	1.880198e+00
3.021682404488220e+00	-2.000000e+00	1.811312e+00
3.026565216988220e+00	-2.000000e+00	1.728063e+00
3.031448029488220e+00	-2.000000e+00	1.631763e+00
3.036330841988220e+00	-2.000000e+00	1.523709e+00
3.041213654488220e+00	-2.000000e+00	1.405168e+00
3.046096466988220e+00	-2.000000e+00	1.277385e+00
3.050979279488220e+00	-2.000000e+00	1.141567e+00
3.055862091988220e+00	-2.000000e+00	9.988880e-01
3.060744904488220e+00	-2.000000e+00	8.504789e-01
3.065627716988220e+00	-2.000000e+00	6.974292e-01
3.070510529488220e+00	-2.000000e+00	5.407822e-01
3.075393341988220e+00	-2.000000e+00	3.815329e-01
3.080276154488220e+00	-2.000000e+00	2.206267e-01
3.085158966988220e+00	-2.000000e+00	5.895731e-02
3.090041779488220e+00	-2.000000e+00	-1.026338e-01
3.094924591988220e+00	-2.000000e+00	-2.633587e-01
3.099807404488220e+00	-2.000000e+00	-4.224834e-01
3.104690216988220e+00	-2.000000e+00	-5.793278e-01
3.109573029488220e+00	-2.000000e+00	-7.332659e-01
3.114455841988220e+00	-2.000000e+00	-8.837254e-01
3.119338654488220e+00	-2.000000e+00	-1.030187e+00
3.124221466988220e+00	-2.000000e+00	-1.172184e+00
3.129104279488220e+00	-2.000000e+00	-1.309301e+00
3.133987091988220e+00	-2.000000e+00	-1.441172e+00
3.138869904488220e+00	-2.000000e+00	-1.567481e+00
3.143752716988220e+00	-2.000000e+00	-1.687957e+00
3.148635529488220e+00	-2.000000e+00	-1.802378e+00
3.153518341988220e+00	-2.000000e+00	-1.910563e+00
3.158401154488220e+00	-2.000000e+00	-2.012374e+00
3.163283966988220e+00	-2.000000e+00	-2.107713e+00
3.168166779488220e+00	-2.000000e+00	-2.196519e+00
3.177932404488220e+00	-2.000000e+00	-2.354471e+00
3.187698029488220e+00	-2.000000e+00	-2.486426e+00
3.197463654488220e+00	-2.000000e+00	-2.593049e+00
3.202346466988220e+00	-2.000000e+00	-2.637181e+00
3.207229279488220e+00	-2.000000e+00	-2.675408e+00
3.212112091988220e+00	-2.000000e+00	-2.707913e+00
3.216994904488220e+00	-2.000000e+00	-2.734897e+00
3.221877716988220e+00	-2.000000e+00	-2.756576e+00
3.226760529488220e+00	-2.000000e+00	-2.773178e+00
3.231643341988220e+00	-2.000000e+00	-2.784940e+00
3.236526154488220e+00	-2.000000e+00	-2.792110e+00
3.241408966988220e+00	-2.000000e+00	-2.794942e+00
3.246291779488220e+00	-2.000000e+00	-2.793695e+00
3.251174591988220e+00	-2.000000e+00	-2.788632e+00
3.256057404488220e+00	-2.000000e+00	-2.780018e+00
3.260940216988220e+00	-2.000000e+00	-2.768119e+00
3.265823029488220e+00	-2.000000e+00	-2.753201e+00
3.270705841988220e+00	-2.000000e+00	-2.735526e+00
3.275588654488220e+00	-2.000000e+00	-2.715355e+00
3.280471466988220e+00	-2.000000e+00	-2.692944e+00
3.285354279488220e+00	-2.000000e+00	-2.668545e+00
3.290237091988220e+00	-2.000000e+00	-2.642401e+00
3.295119904488220e+00	-2.000000e+00	-2.614752e+00
3.300002716988220e+00	-2.000000e+00	-2.585827e+00
3.304885529488220e+00	-2.000000e+00	-2.555850e+00
3.309768341988220e+00	-2.000000e+00	-2.525032e+00
3.314651154488220e+00	-2.000000e+00	-2.493580e+00
3.319533966988220e+00	-2.000000e+00	-2.461686e+00
3.324416779488220e+00	-2.000000e+00	-2.429534e+00
3.329299591988220e+00	-2.000000e+00	-2.397300e+00
3.334182404488220e+00	-2.000000e+00	-2.365147e+00
3.339065216988220e+00	-2.000000e+00	-2.333227e+00
3.343948029488220e+00	-2.000000e+00	-2.301681e+00
3.348830841988220e+00	-2.000000e+00	-2.270642e+00
3.353713654488220e+00	-2.000000e+00	-2.240230e+00
3.358596466988220e+00	-2.000000e+00	-2.210553e+00
3.363479279488220e+00	-2.000000e+00	-2.181713e+00
3.368362091988220e+00	-2.000000e+00	-2.153797e+00
3.373244904488220e+00	-2.000000e+00	-2.126884e+00
3.378127716988220e+00	-2.000000e+00	-2.101044e+00
3.383010529488220e+00	-2.000000e+00	-2.076334e+00
3.387893341988220e+00	-2.000000e+00	-2.052807e+00
3.392776154488220e+00	-2.000000e+00	-2.030502e+00
3.397658966988220e+00	-2.000000e+00	-2.009451e+00
3.402541779488220e+00	-2.000000e+00	-1.989680e+00
3.407424591988220e+00	-2.000000e+00	-1.971205e+00
3.417190216988220e+00	-2.000000e+00	-1.938170e+00
3.426955841988220e+00	-2.000000e+00	-1.910339e+00
3.436721466988220e+00	-2.000000e+00	-1.887604e+00
3.446487091988220e+00	-2.000000e+00	-1.869777e+00
3.451369904488220e+00	-2.000000e+00	-1.862624e+00
3.456252716988220e+00	-2.000000e+00	-1.856596e+00
3.461135529488220e+00	-2.000000e+00	-1.851651e+00
3.466018341988220e+00	-2.000000e+00	-1.847745e+00
3.470901154488220e+00	-2.000000e+00	-1.844832e+00
3.475783966988220e+00	-2.000000e+00	-1.842864e+00
3.480666779488220e+00	-2.000000e+00	-1.841791e+00
3.485549591988220e+00	-2.000000e+00	-1.841562e+00
3.490432404488220e+00	-2.000000e+00	-1.842124e+00
3.495315216988220e+00	-2.000000e+00	-1.843426e+00
3.500198029488220e+00	-2.000000e+00	-1.845414e+00
3.505080841988220e+00	-2.000000e+00	-1.848035e+00
3.509963654488220e+00	-2.000000e+00	-1.851237e+00
3.514846466988220e+00	-2.000000e+00	-1.854967e+00
3.519729279488220e+00	-2.000000e+00	-1.859174e+00
3.524612091988220e+00	-2.000000e+00	-1.863806e+00
3.529494904488220e+00	-2.000000e+00	-1.868816e+00
3.534377716988220e+00	-2.000000e+00	-1.874153e+00
3.539260529488220e+00	-2.000000e+00	-1.879772e+00
3.544143341988220e+00	-2.000000e+00	-1.885627e+00
3.549026154488220e+00	-2.000000e+00	-1.891674e+00
3.553908966988220e+00	-2.000000e+00	-1.897872e+00
3.558791779488220e+00	-2.000000e+00	-1.904181e+00
3.563674591988220e+00	-2.000000e+00	-1.910562e+00
3.568557404488220e+00	-2.000000e+00	-1.916980e+00
3.573440216988220e+00	-2.000000e+00	-1.923402e+00
3.578323029488220e+00	-2.000000e+00	-1.929795e+00
3.583205841988220e+00	-2.000000e+00	-1.936130e+00
3.588088654488220e+00	-2.000000e+00	-1.942379e+00
3.592971466988220e+00	-2.000000e+00	-1.948517e+00
3.597854279488220e+00	-2.000000e+00	-1.954522e+00
3.602737091988220e+00	-2.000000e+00	-1.960371e+00
3.607619904488220e+00	-2.000000e+00	-1.966046e+00
3.612502716988220e+00	-2.000000e+00	-1.971531e+00
3.617385529488220e+00	-2.000000e+00	-1.976810e+00
3.622268341988220e+00	-2.000000e+00	-1.981870e+00
3.627151154488220e+00	-2.000000e+00	-1.986700e+00
3.632033966988220e+00	-2.000000e+00	-1.991292e+00
3.636916779488220e+00	-2.000000e+00	-1.995636e+00
3.641799591988220e+00	-2.000000e+00	-1.999729e+00
3.646682404488220e+00	-2.000000e+00	-2.003566e+00
3.651565216988220e+00	-2.000000e+00	-2.007143e+00
3.661330841988220e+00	-2.000000e+00	-2.013516e+00
3.671096466988220e+00	-2.000000e+00	-2.018855e+00
3.680862091988220e+00	-2.000000e+00	-2.023185e+00
3.690627716988220e+00	-2.000000e+00	-2.026546e+00
3.695510529488220e+00	-2.000000e+00	-2.027880e+00
3.700393341988220e+00	-2.000000e+00	-2.028993e+00
3.705276154488220e+00	-2.000000e+00	-2.029893e+00
3.710158966988220e+00	-2.000000e+00	-2.030591e+00
3.715041779488220e+00	-2.000000e+00	-2.031094e+00
3.719924591988220e+00	-2.000000e+00	-2.031413e+00
3.724807404488220e+00	-2.000000e+00	-2.031557e+00
3.729690216988220e+00	-2.000000e+00	-2.031538e+00
3.734573029488220e+00	-2.000000e+00	-2.031365e+00
3.739455841988220e+00	-2.000000e+00	-2.031049e+00
3.744338654488220e+00	-2.000000e+00	-2.030600e+00
3.749221466988220e+00	-2.000000e+00	-2.030030e+00
3.754104279488220e+00	-2.000000e+00	-2.029348e+00
3.758987091988220e+00	-2.000000e+00	-2.028565e+00
3.763869904488220e+00	-2.000000e+00	-2.027691e+00
3.768752716988220e+00	-2.000000e+00	-2.026736e+00
3.773635529488220e+00	-2.000000e+00	-2.025710e+00
3.778518341988220e+00	-2.000000e+00	-2.024623e+00
3.783401154488220e+00	-2.000000e+00	-2.023483e+00
3.788283966988220e+00	-2.000000e+00	-2.022299e+00
3.793166779488220e+00	-2.000000e+00	-2.021081e+00
3.798049591988220e+00	-2.000000e+00	-2.019836e+00
3.802932404488220e+00	-2.000000e+00	-2.018572e+00
3.807815216988220e+00	-2.000000e+00	-2.017296e+00
3.812698029488220e+00	-2.000000e+00	-2.016016e+00
3.817580841988220e+00	-2.000000e+00	-2.014738e+00
3.822463654488220e+00	-2.000000e+00	-2.013468e+00
3.827346466988220e+00	-2.000000e+00	-2.012211e+00
3.832229279488220e+00	-2.000000e+00	-2.010974e+00
3.837112091988220e+00	-2.000000e+00	-2.009761e+00
3.841994904488220e+00	-2.000000e+00	-2.008576e+00
3.846877716988220e+00	-2.000000e+00	-2.007424e+00
3.851760529488220e+00	-2.000000e+00	-2.006308e+00
3.856643341988220e+00	-2.000000e+00	-2.005231e+00
3.861526154488220e+00	-2.000000e+00	-2.004197e+00
3.866408966988220e+00	-2.000000e+00	-2.003206e+00
3.871291779488220e+00	-2.000000e+00	-2.002263e+00
3.876174591988220e+00	-2.000000e+00	-2.001368e+00
3.881057404488220e+00	-2.000000e+00	-2.000522e+00
3.890823029488220e+00	-2.000000e+00	-1.998983e+00
3.900588654488220e+00	-2.000000e+00	-1.997651e+00
3.910354279488220e+00	-2.000000e+00	-1.996526e+00
3.920119904488220e+00	-2.000000e+00	-1.995604e+00
3.929885529488220e+00	-2.000000e+00	-1.994878e+00
3.939651154488220e+00	-2.000000e+00	-1.994337e+00
3.944533966988220e+00	-2.000000e+00	-1.994132e+00
3.949416779488220e+00	-2.000000e+00	-1.993969e+00
3.954299591988220e+00	-2.000000e+00	-1.993846e+00
3.959182404488220e+00	-2.000000e+00	-1.993761e+00
3.964065216988220e+00	-2.000000e+00	-1.993712e+00
3.968948029488220e+00	-2.000000e+00	-1.993697e+00
3.973830841988220e+00	-2.000000e+00	-1.993713e+00
3.978713654488220e+00	-2.000000e+00	-1.993759e+00
3.983596466988220e+00	-2.000000e+00	-1.993833e+00
3.988479279488220e+00	-2.000000e+00	-1.993933e+00
3.996489808976441e+00	-2.000000e+00	-1.994141e+00
4.000000000000000e+00	-2.000000e+00	-1.994252e+00
4.000000000100000e+00	-1.600000e+00	-1.994252e+00
4.000000000300000e+00	-7.999999e-01	-1.994252e+00
4.000000000453299e+00	-1.868051e-01	-1.994252e+00
4.000000000605962e+00	4.238496e-01	-1.994252e+00
4.000000000831005e+00	1.324022e+00	-1.994252e+00
4.000000001000000e+00	2.000000e+00	-1.994252e+00
4.000000001079814e+00	2.000000e+00	-1.994252e+00
4.000000001186234e+00	2.000000e+00	-1.994252e+00
4.000000001399073e+00	2.000000e+00	-1.994252e+00
4.000000001824750e+00	2.000000e+00	-1.994252e+00
4.000000002390932e+00	2.000000e+00	-1.994252e+00
4.000000003144497e+00	2.000000e+00	-1.994252e+00
4.000000004085225e+00	2.000000e+00	-1.994252e+00
4.000000005337109e+00	2.000000e+00	-1.994252e+00
4.000000006938983e+00	2.000000e+00	-1.994254e+00
4.000000008927199e+00	2.000000e+00	-1.994259e+00
4.000000011023761e+00	2.000000e+00	-1.994272e+00
4.000000013257840e+00	2.000000e+00	-1.994298e+00
4.000000016100334e+00	2.000000e+00	-1.994353e+00
4.000000019229303e+00	2.000000e+00	-1.994448e+00
4.000000024216532e+00	2.000000e+00	-1.994673e+00
4.000000030398133e+00	2.000000e+00	-1.995049e+00
4.000000036599162e+00	2.000000e+00	-1.995514e+00
4.000000043366486e+00	2.000000e+00	-1.996081e+00
4.000000050576141e+00	2.000000e+00	-1.996691e+00
4.000000058897752e+00	2.000000e+00	-1.997329e+00
4.000000068297365e+00	2.000000e+00	-1.997899e+00
4.000000077893689e+00	2.000000e+00	-1.998265e+00
4.000000088013789e+00	2.000000e+00	-1.998386e+00
4.000000099177941e+00	2.000000e+00	-1.998228e+00
4.000000110747784e+00	2.000000e+00	-1.997794e+00
4.000000122888402e+00	2.000000e+00	-1.997119e+00
4.000000136255154e+00	2.000000e+00	-1.996227e+00
4.000000151461887e+00	2.000000e+00	-1.995167e+00
4.000000169286811e+00	2.000000e+00	-1.994017e+00
4.000000187169983e+00	2.000000e+00	-1.993078e+00
4.000000205732443e+00	2.000000e+00	-1.992406e+00
4.000000225627323e+00	2.000000e+00	-1.992036e+00
4.000000249098053e+00	2.000000e+00	-1.991984e+00
4.000000279684899e+00	2.000000e+00	-1.992289e+00
4.000000310670482e+00	2.000000e+00	-1.992782e+00
4.000000344097705e+00	2.000000e+00	-1.993320e+00
4.000000374656262e+00	2.000000e+00	-1.993704e+00
4.000000403075417e+00	2.000000e+00	-1.993947e+00
4.000000417959112e+00	2.000000e+00	-1.994028e+00
4.000000431834664e+00	2.000000e+00	-1.994075e+00
4.000000447607579e+00	2.000000e+00	-1.994110e+00
4.000000464901485e+00	2.000000e+00	-1.994133e+00
4.000000481964168e+00	2.000000e+00	-1.994145e+00
4.000000500689855e+00	2.000000e+00	-1.994153e+00
4.000000521493360e+00	2.000000e+00	-1.994160e+00
4.000000547568943e+00	2.000000e+00	-1.994169e+00
4.000000584237263e+00	2.000000e+00	-1.994184e+00
4.000000617218324e+00	2.000000e+00	-1.994200e+00
4.000000646056395e+00	2.000000e+00	-1.994213e+00
4.000000678602475e+00	2.000000e+00	-1.994226e+00
4.000000711584167e+00	2.000000e+00	-1.994236e+00
4.000000743115017e+00	2.000000e+00	-1.994242e+00
4.000000771627748e+00	2.000000e+00	-1.994245e+00
4.000000806991467e+00	2.000000e+00	-1.994247e+00
4.000000839555314e+00	2.000000e+00	-1.994248e+00
4.000000883128255e+00	2.000000e+00	-1.994249e+00
4.000000934592506e+00	2.000000e+00	-1.994250e+00
4.000001037521009e+00	2.000000e+00	-1.994251e+00
4.000001134377843e+00	2.000000e+00	-1.994252e+00
4.000001404394466e+00	2.000000e+00	-1.994252e+00
4.000832568592402e+00	2.000000e+00	-1.993863e+00
4.001663732790337e+00	2.000000e+00	-1.992816e+00
4.002494896988272e+00	2.000000e+00	-1.991111e+00
4.003326061186207e+00	2.000000e+00	-1.988747e+00
4.004157225384142e+00	2.000000e+00	-1.985725e+00
4.004988389582077e+00	2.000000e+00	-1.982045e+00
4.005819553780012e+00	2.000000e+00	-1.977707e+00
4.010702366280012e+00	2.000000e+00	-1.944042e+00
4.015585178780012e+00	2.000000e+00	-1.894954e+00
4.020467991280012e+00	2.000000e+00	-1.829846e+00
4.025350803780012e+00	2.000000e+00	-1.750045e+00
4.030233616280012e+00	2.000000e+00	-1.656870e+00
4.035116428780012e+00	2.000000e+00	-1.551619e+00
4.039999241280012e+00	2.000000e+00	-1.435569e+00
4.044882053780012e+00	2.000000e+00	-1.309970e+00
4.049764866280012e+00	2.000000e+00	-1.176039e+00
4.054647678780012e+00	2.000000e+00	-1.034959e+00
4.059530491280012e+00	2.000000e+00	-8.878713e-01
4.064413303780012e+00	2.000000e+00	-7.358762e-01
4.069296116280012e+00	2.000000e+00	-5.800288e-01
4.074178928780012e+00	2.000000e+00	-4.213361e-01
4.079061741280012e+00	2.000000e+00	-2.607561e-01
4.083944553780012e+00	2.000000e+00	-9.919563e-02
4.088827366280012e+00	2.000000e+00	6.249094e-02
4.093710178780012e+00	2.000000e+00	2.235023e-01
4.098592991280012e+00	2.000000e+00	3.830909e-01
4.103475803780012e+00	2.000000e+00	5.405632e-01
4.108358616280012e+00	2.000000e+00	6.952800e-01
4.113241428780012e+00	2.000000e+00	8.466555e-01
4.118124241280012e+00	2.000000e+00	9.941574e-01
4.123007053780012e+00	2.000000e+00	1.137306e+00
4.127889866280012e+00	2.000000e+00	1.275673e+00
4.132772678780012e+00	2.000000e+00	1.408880e+00
4.137655491280012e+00	2.000000e+00	1.536600e+00
4.142538303780012e+00	2.000000e+00	1.658550e+00
4.147421116280012e+00	2.000000e+00	1.774495e+00
4.152303928780012e+00	2.000000e+00	1.884246e+00
4.157186741280012e+00	2.000000e+00	1.987653e+00
4.162069553780012e+00	2.000000e+00	2.084609e+00
4.166952366280012e+00	2.000000e+00	2.175044e+00
4.176717991280012e+00	2.000000e+00	2.336253e+00
4.186483616280012e+00	2.000000e+00	2.471413e+00
4.196249241280012e+00	2.000000e+00	2.581137e+00
4.206014866280012e+00	2.000000e+00	2.666443e+00
4.210897678780012e+00	2.000000e+00	2.700353e+00
4.215780491280012e+00	2.000000e+00	2.728691e+00
4.220663303780012e+00	2.000000e+00	2.751669e+00
4.225546116280012e+00	2.000000e+00	2.769511e+00
4.230428928780012e+00	2.000000e+00	2.782454e+00
4.235311741280012e+00	2.000000e+00	2.790743e+00
4.240194553780012e+00	2.000000e+00	2.794630e+00
4.245077366280012e+00	2.000000e+00	2.794373e+00
4.249960178780012e+00	2.000000e+00	2.790234e+00
4.254842991280012e+00	2.000000e+00	2.782478e+00
4.259725803780012e+00	2.000000e+00	2.771372e+00
4.264608616280012e+00	2.000000e+00	2.757179e+00
4.269491428780012e+00	2.000000e+00	2.740166e+00
4.274374241280012e+00	2.000000e+00	2.720592e+00
4.279257053780012e+00	2.000000e+00	2.698714e+00
4.284139866280012e+00	2.000000e+00	2.674786e+00
4.289022678780012e+00	2.000000e+00	2.649054e+00
4.293905491280012e+00	2.000000e+00	2.621757e+00
4.298788303780012e+00	2.000000e+00	2.593128e+00
4.303671116280012e+00	2.000000e+00	2.563392e+00
4.308553928780012e+00	2.000000e+00	2.532765e+00
4.313436741280012e+00	2.000000e+00	2.501451e+00
4.318319553780012e+00	2.000000e+00	2.469649e+00
4.323202366280012e+00	2.000000e+00	2.437546e+00
4.328085178780012e+00	2.000000e+00	2.405316e+00
4.332967991280012e+00	2.000000e+00	2.373128e+00
4.337850803780012e+00	2.000000e+00	2.341136e+00
4.342733616280012e+00	2.000000e+00	2.309484e+00
4.347616428780012e+00	2.000000e+00	2.278308e+00
4.352499241280012e+00	2.000000e+00	2.247729e+00
4.357382053780012e+00	2.000000e+00	2.217860e+00
4.362264866280012e+00	2.000000e+00	2.188802e+00
4.367147678780012e+00	2.000000e+00	2.160649e+00
4.372030491280012e+00	2.000000e+00	2.133480e+00
4.376913303780012e+00	2.000000e+00	2.107367e+00
4.381796116280012e+00	2.000000e+00	2.082371e+00
4.386678928780012e+00	2.000000e+00	2.058545e+00
4.391561741280012e+00	2.000000e+00	2.035933e+00
4.396444553780012e+00	2.000000e+00	2.014568e+00
4.401327366280012e+00	2.000000e+00	1.994477e+00
4.406210178780012e+00	2.000000e+00	1.975678e+00
4.411092991280012e+00	2.000000e+00	1.958182e+00
4.420858616280012e+00	2.000000e+00	1.927109e+00
4.430624241280012e+00	2.000000e+00	1.901209e+00
4.440389866280012e+00	2.000000e+00	1.880344e+00
4.445272678780012e+00	2.000000e+00	1.871734e+00
4.450155491280012e+00	2.000000e+00	1.864296e+00
4.455038303780012e+00	2.000000e+00	1.857992e+00
4.459921116280012e+00	2.000000e+00	1.852781e+00
4.464803928780012e+00	2.000000e+00	1.848621e+00
4.469686741280012e+00	2.000000e+00	1.845466e+00
4.474569553780012e+00	2.000000e+00	1.843267e+00
4.479452366280012e+00	2.000000e+00	1.841977e+00
4.484335178780012e+00	2.000000e+00	1.841542e+00
4.489217991280012e+00	2.000000e+00	1.841913e+00
4.494100803780012e+00	2.000000e+00	1.843035e+00
4.498983616280012e+00	2.000000e+00	1.844858e+00
4.503866428780012e+00	2.000000e+00	1.847326e+00
4.508749241280012e+00	2.000000e+00	1.850389e+00
4.513632053780012e+00	2.000000e+00	1.853992e+00
4.518514866280012e+00	2.000000e+00	1.858085e+00
4.523397678780012e+00	2.000000e+00	1.862616e+00
4.528280491280012e+00	2.000000e+00	1.867537e+00
4.533163303780012e+00	2.000000e+00	1.872797e+00
4.538046116280012e+00	2.000000e+00	1.878350e+00
4.542928928780012e+00	2.000000e+00	1.884150e+00
4.547811741280012e+00	2.000000e+00	1.890153e+00
4.552694553780012e+00	2.000000e+00	1.896318e+00
4.557577366280012e+00	2.000000e+00	1.902602e+00
4.562460178780012e+00	2.000000e+00	1.908969e+00
4.567342991280012e+00	2.000000e+00	1.915382e+00
4.572225803780012e+00	2.000000e+00	1.921806e+00
4.577108616280012e+00	2.000000e+00	1.928208e+00
4.581991428780012e+00	2.000000e+00	1.934560e+00
4.586874241280012e+00	2.000000e+00	1.940833e+00
4.591757053780012e+00	2.000000e+00	1.947001e+00
4.596639866280012e+00	2.000000e+00	1.953041e+00
4.601522678780012e+00	2.000000e+00	1.958931e+00
4.606405491280012e+00	2.000000e+00	1.964651e+00
4.611288303780012e+00	2.000000e+00	1.970185e+00
4.616171116280012e+00	2.000000e+00	1.975516e+00
4.621053928780012e+00	2.000000e+00	1.980632e+00
4.625936741280012e+00	2.000000e+00	1.985520e+00
4.630819553780012e+00	2.000000e+00	1.990172e+00
4.635702366280012e+00	2.000000e+00	1.994579e+00
4.640585178780012e+00	2.000000e+00	1.998734e+00
4.645467991280012e+00	2.000000e+00	2.002635e+00
4.650350803780012e+00	2.000000e+00	2.006277e+00
4.660116428780012e+00	2.000000e+00	2.012779e+00
4.669882053780012e+00	2.000000e+00	2.018246e+00
4.679647678780012e+00	2.000000e+00	2.022699e+00
4.689413303780012e+00	2.000000e+00	2.026178e+00
4.694296116280012e+00	2.000000e+00	2.027568e+00
4.699178928780012e+00	2.000000e+00	2.028736e+00
4.704061741280012e+00	2.000000e+00	2.029688e+00
4.708944553780012e+00	2.000000e+00	2.030435e+00
4.713827366280012e+00	2.000000e+00	2.030986e+00
4.718710178780012e+00	2.000000e+00	2.031349e+00
4.723592991280012e+00	2.000000e+00	2.031537e+00
4.728475803780012e+00	2.000000e+00	2.031557e+00
4.733358616280012e+00	2.000000e+00	2.031421e+00
4.738241428780012e+00	2.000000e+00	2.031140e+00
4.743124241280012e+00	2.000000e+00	2.030723e+00
4.748007053780012e+00	2.000000e+00	2.030182e+00
4.752889866280012e+00	2.000000e+00	2.029527e+00
4.757772678780012e+00	2.000000e+00	2.028768e+00
4.762655491280012e+00	2.000000e+00	2.027916e+00
4.767538303780012e+00	2.000000e+00	2.026980e+00
4.772421116280012e+00	2.000000e+00	2.025971e+00
4.777303928780012e+00	2.000000e+00	2.024898e+00
4.782186741280012e+00	2.000000e+00	2.023770e+00
4.787069553780012e+00	2.000000e+00	2.022597e+00
4.791952366280012e+00	2.000000e+00	2.021386e+00
4.796835178780012e+00	2.000000e+00	2.020147e+00
4.801717991280012e+00	2.000000e+00	2.018887e+00
4.806600803780012e+00	2.000000e+00	2.017614e+00
4.811483616280012e+00	2.000000e+00	2.016334e+00
4.816366428780012e+00	2.000000e+00	2.015055e+00
4.821249241280012e+00	2.000000e+00	2.013782e+00
4.826132053780012e+00	2.000000e+00	2.012522e+00
4.831014866280012e+00	2.000000e+00	2.011279e+00
4.835897678780012e+00	2.000000e+00	2.010060e+00
4.840780491280012e+00	2.000000e+00	2.008868e+00
4.845663303780012e+00	2.000000e+00	2.007707e+00
4.850546116280012e+00	2.000000e+00	2.006582e+00
4.855428928780012e+00	2.000000e+00	2.005495e+00
4.860311741280012e+00	2.000000e+00	2.004449e+00
4.865194553780012e+00	2.000000e+00	2.003448e+00
4.870077366280012e+00	2.000000e+00	2.002492e+00
4.874960178780012e+00	2.000000e+00	2.001585e+00
4.879842991280012e+00	2.000000e+00	2.000727e+00
4.889608616280012e+00	2.000000e+00	1.999163e+00
4.899374241280012e+00	2.000000e+00	1.997805e+00
4.909139866280012e+00	2.000000e+00	1.996654e+00
4.918905491280012e+00	2.000000e+00	1.995707e+00
4.928671116280012e+00	2.000000e+00	1.994957e+00
4.938436741280012e+00	2.000000e+00	1.994394e+00
4.943319553780012e+00	2.000000e+00	1.994179e+00
4.948202366280012e+00	2.000000e+00	1.994006e+00
4.953085178780012e+00	2.000000e+00	1.993873e+00
4.957967991280012e+00	2.000000e+00	1.993778e+00
4.962850803780012e+00	2.000000e+00	1.993720e+00
4.967733616280012e+00	2.000000e+00	1.993697e+00
4.972616428780012e+00	2.000000e+00	1.993706e+00
4.977499241280012e+00	2.000000e+00	1.993744e+00
4.982382053780012e+00	2.000000e+00	1.993812e+00
4.987264866280012e+00	2.000000e+00	1.993905e+00
4.995117188500000e+00	2.000000e+00	1.994103e+00
5.000000000000000e+00	2.000000e+00	1.994251e+00
