time	V(borne2)	V(vout)
0.000000000000000e+00	9.399969e-08	-1.800010e-07
1.000000000006120e-03	9.399968e-08	-1.800010e-07
1.000000029109062e-03	9.399220e-08	-1.800011e-07
1.000000058212005e-03	9.399566e-08	-1.800011e-07
1.000000087314947e-03	9.401006e-08	-1.800010e-07
1.000000116417889e-03	9.403541e-08	-1.800008e-07
1.000000145520832e-03	9.407169e-08	-1.800005e-07
1.000000174623774e-03	9.411891e-08	-1.800002e-07
1.000000203726716e-03	9.417708e-08	-1.799998e-07
1.000000407453529e-03	9.532960e-08	-1.799890e-07
1.000000592546374e-03	9.747312e-08	-1.799664e-07
1.000000629814311e-03	9.821873e-08	-1.799576e-07
1.000000704350187e-03	1.005408e-07	-1.799262e-07
1.000000853421939e-03	1.073097e-07	-1.798218e-07
1.000001000000000e-03	1.160886e-07	-1.796744e-07
1.000001102604643e-03	1.258422e-07	-1.794832e-07
1.000001219867092e-03	1.409879e-07	-1.791409e-07
1.000001454391990e-03	1.857317e-07	-1.778764e-07
1.000001923441786e-03	3.237512e-07	-1.729211e-07
1.000002514152189e-03	5.857488e-07	-1.614919e-07
1.000003326258297e-03	1.088593e-06	-1.390411e-07
1.000004321448398e-03	1.868980e-06	-1.243778e-07
1.000005693815401e-03	3.108731e-06	-2.312117e-07
1.000007489098464e-03	4.791936e-06	-9.779867e-07
1.000010106482067e-03	7.056326e-06	-4.418264e-06
1.000013596879435e-03	9.517510e-06	-1.478219e-05
1.000016868896325e-03	1.111919e-05	-3.319163e-05
1.000020727637455e-03	1.208846e-05	-6.955783e-05
1.000025903630950e-03	1.218869e-05	-1.433894e-04
1.000032857112386e-03	1.088706e-05	-2.789990e-04
1.000040063973356e-03	8.348607e-06	-4.522635e-04
1.000048059327125e-03	4.567726e-06	-6.647532e-04
1.000056414206262e-03	-1.948980e-07	-8.809619e-04
1.000066877756801e-03	-7.450325e-06	-1.104756e-03
1.000079293234163e-03	-1.903955e-05	-1.256398e-03
1.000097234466728e-03	-4.292522e-05	-1.258900e-03
1.000113685392048e-03	-7.440781e-05	-1.055667e-03
1.000133529346089e-03	-1.253233e-04	-6.212194e-04
1.000154759681698e-03	-1.895822e-04	-8.719093e-05
1.000177187519610e-03	-2.577413e-04	4.092589e-04
1.000203084100552e-03	-3.224991e-04	7.983790e-04
1.000222881456197e-03	-3.527152e-04	9.348661e-04
1.000239206332230e-03	-3.586123e-04	9.335497e-04
1.000255169197607e-03	-3.470060e-04	8.583147e-04
1.000270864902493e-03	-3.207655e-04	7.402277e-04
1.000287500914171e-03	-2.804738e-04	5.916455e-04
1.000302519302078e-03	-2.364577e-04	4.535586e-04
1.000317427778046e-03	-1.888959e-04	3.251545e-04
1.000333731486227e-03	-1.367231e-04	2.032763e-04
1.000349743452200e-03	-8.877961e-05	1.068127e-04
1.000366190171945e-03	-4.576842e-05	3.334032e-05
1.000382791100781e-03	-1.061962e-05	-1.635696e-05
1.000399984888976e-03	1.624870e-05	-4.587165e-05
1.000417259891548e-03	3.371611e-05	-5.812297e-05
1.000434924743866e-03	4.276826e-05	-5.795510e-05
1.000452829239356e-03	4.445058e-05	-4.979901e-05
1.000474703922088e-03	3.996477e-05	-3.525947e-05
1.000490826351562e-03	3.380214e-05	-2.406163e-05
1.000507262976602e-03	2.622830e-05	-1.394937e-05
1.000526433756393e-03	1.760685e-05	-4.869642e-06
1.000548240665767e-03	9.287393e-06	1.907048e-06
1.000570316818532e-03	3.257901e-06	5.298027e-06
1.000595548012243e-03	-4.975937e-07	6.024208e-06
1.000624744330761e-03	-1.486798e-06	4.693482e-06
1.000666814246085e-03	3.423964e-07	1.808027e-06
1.000701991178731e-03	2.801903e-06	-1.244146e-08
1.000742825561108e-03	5.160801e-06	-8.749412e-07
1.000790647902533e-03	6.516730e-06	-8.286145e-07
1.000851203279451e-03	6.960162e-06	-3.932784e-07
1.000940203796629e-03	7.283744e-06	-1.025785e-07
1.001166427139527e-03	9.515581e-06	-2.039226e-07
1.533216083838770e-03	5.330844e-03	3.749685e-05
2.065265740538013e-03	1.065012e-02	1.503867e-04
2.597315397237255e-03	1.596735e-02	3.384656e-04
3.129365053936499e-03	2.128254e-02	6.017336e-04
3.661414710635741e-03	2.659567e-02	9.401906e-04
4.193464367334985e-03	3.190676e-02	1.353837e-03
4.725514024034226e-03	3.721579e-02	1.842672e-03
8.445679427111448e-03	7.421982e-02	6.848088e-03
1.332849192711145e-02	1.224321e-01	1.736258e-02
1.821130442711145e-02	1.700410e-01	3.255486e-02
2.309411692711145e-02	2.167883e-01	5.264844e-02
2.797692942711145e-02	2.624374e-01	7.754150e-02
3.285974192711145e-02	3.067570e-01	1.071079e-01
3.774255442711145e-02	3.495224e-01	1.411980e-01
4.262536692711145e-02	3.905171e-01	1.796389e-01
4.750817942711145e-02	4.295333e-01	2.222359e-01
5.239099192711145e-02	4.663735e-01	2.687733e-01
5.727380442711145e-02	5.008509e-01	3.190152e-01
6.215661692711145e-02	5.327908e-01	3.727071e-01
6.703942942711144e-02	5.620316e-01	4.295771e-01
7.192224192711144e-02	5.884249e-01	4.893368e-01
7.680505442711144e-02	6.118371e-01	5.516838e-01
8.168786692711144e-02	6.321497e-01	6.163020e-01
8.657067942711144e-02	6.492597e-01	6.828641e-01
9.145349192711144e-02	6.630803e-01	7.510328e-01
9.633630442711144e-02	6.735417e-01	8.204629e-01
1.012191169271114e-01	6.805907e-01	8.908025e-01
1.061019294271114e-01	6.841917e-01	9.616954e-01
1.109847419271114e-01	6.843265e-01	1.032782e+00
1.158675544271114e-01	6.809943e-01	1.103703e+00
1.207503669271114e-01	6.742120e-01	1.174098e+00
1.256331794271114e-01	6.640140e-01	1.243612e+00
1.305159919271114e-01	6.504519e-01	1.311891e+00
1.353988044271114e-01	6.335945e-01	1.378590e+00
1.402816169271114e-01	6.135272e-01	1.443371e+00
1.451644294271114e-01	5.903516e-01	1.505906e+00
1.500472419271114e-01	5.641853e-01	1.565877e+00
1.549300544271114e-01	5.351605e-01	1.622982e+00
1.598128669271114e-01	5.034245e-01	1.676931e+00
1.646956794271114e-01	4.691381e-01	1.727450e+00
1.695784919271114e-01	4.324749e-01	1.774283e+00
1.744613044271114e-01	3.936208e-01	1.817194e+00
1.793441169271114e-01	3.527724e-01	1.855965e+00
1.842269294271114e-01	3.101368e-01	1.890400e+00
1.891097419271114e-01	2.659300e-01	1.920323e+00
1.939925544271114e-01	2.203760e-01	1.945584e+00
1.988753669271114e-01	1.737055e-01	1.966054e+00
2.037581794271114e-01	1.261549e-01	1.981629e+00
2.086409919271114e-01	7.796522e-02	1.992232e+00
2.135238044271114e-01	2.938057e-02	1.997808e+00
2.184066169271114e-01	-1.935293e-02	1.998329e+00
2.232894294271114e-01	-6.798837e-02	1.993791e+00
2.281722419271114e-01	-1.162794e-01	1.984220e+00
2.330550544271114e-01	-1.639813e-01	1.969661e+00
2.379378669271114e-01	-2.108524e-01	1.950191e+00
2.428206794271114e-01	-2.566552e-01	1.925906e+00
2.477034919271114e-01	-3.011578e-01	1.896930e+00
2.525863044271114e-01	-3.441347e-01	1.863410e+00
2.574691169271114e-01	-3.853680e-01	1.825517e+00
2.623519294271114e-01	-4.246491e-01	1.783440e+00
2.672347419271114e-01	-4.617787e-01	1.737395e+00
2.721175544271114e-01	-4.965688e-01	1.687614e+00
2.770003669271114e-01	-5.288432e-01	1.634349e+00
2.818831794271114e-01	-5.584384e-01	1.577871e+00
2.867659919271114e-01	-5.852043e-01	1.518464e+00
2.916488044271114e-01	-6.090055e-01	1.456432e+00
2.965316169271114e-01	-6.297212e-01	1.392086e+00
3.014144294271114e-01	-6.472467e-01	1.325754e+00
3.062972419271114e-01	-6.614931e-01	1.257772e+00
3.111800544271114e-01	-6.723881e-01	1.188484e+00
3.160628669271114e-01	-6.798767e-01	1.118241e+00
3.209456794271114e-01	-6.839209e-01	1.047399e+00
3.258284919271114e-01	-6.845001e-01	9.763172e-01
3.307113044271114e-01	-6.816114e-01	9.053550e-01
3.355941169271114e-01	-6.752696e-01	8.348722e-01
3.404769294271114e-01	-6.655067e-01	7.652261e-01
3.453597419271114e-01	-6.523722e-01	6.967694e-01
3.502425544271114e-01	-6.359326e-01	6.298488e-01
3.551253669271114e-01	-6.162711e-01	5.648035e-01
3.600081794271114e-01	-5.934876e-01	5.019630e-01
3.648909919271114e-01	-5.676972e-01	4.416456e-01
3.697738044271114e-01	-5.390308e-01	3.841570e-01
3.746566169271114e-01	-5.076334e-01	3.297884e-01
3.795394294271114e-01	-4.736643e-01	2.788152e-01
3.844222419271114e-01	-4.372956e-01	2.314957e-01
3.893050544271114e-01	-3.987113e-01	1.880696e-01
3.941878669271114e-01	-3.581070e-01	1.487569e-01
3.990706794271114e-01	-3.156885e-01	1.137568e-01
4.039534919271114e-01	-2.716707e-01	8.324658e-02
4.088363044271114e-01	-2.262764e-01	5.738085e-02
4.137191169271114e-01	-1.797358e-01	3.629062e-02
4.186019294271114e-01	-1.322846e-01	2.008277e-02
4.234847419271114e-01	-8.416322e-02	8.839386e-03
4.283675544271114e-01	-3.561542e-02	2.617443e-03
4.332503669271114e-01	1.311282e-02	1.448459e-03
4.381331794271114e-01	6.177464e-02	5.338358e-03
4.430159919271114e-01	1.101235e-01	1.426743e-02
4.478988044271114e-01	1.579145e-01	2.819045e-02
4.527816169271114e-01	2.049054e-01	4.703686e-02
4.576644294271114e-01	2.508582e-01	7.071120e-02
4.625472419271114e-01	2.955402e-01	9.909351e-02
4.674300544271114e-01	3.387249e-01	1.320400e-01
4.723128669271114e-01	3.801935e-01	1.693838e-01
4.771956794271114e-01	4.197360e-01	2.109357e-01
4.820784919271114e-01	4.571520e-01	2.564851e-01
4.869613044271114e-01	4.922520e-01	3.058013e-01
4.918441169271114e-01	5.248581e-01	3.586346e-01
4.967269294271114e-01	5.548052e-01	4.147170e-01
5.016097419271115e-01	5.819415e-01	4.737647e-01
5.064925544271115e-01	6.061296e-01	5.354784e-01
5.113753669271115e-01	6.272469e-01	5.995455e-01
5.162581794271115e-01	6.451864e-01	6.656413e-01
5.211409919271115e-01	6.598573e-01	7.334310e-01
5.260238044271115e-01	6.711851e-01	8.025713e-01
5.309066169271115e-01	6.791127e-01	8.727117e-01
5.357894294271115e-01	6.835996e-01	9.434970e-01
5.406722419271115e-01	6.846233e-01	1.014569e+00
5.455550544271115e-01	6.821785e-01	1.085566e+00
5.504378669271115e-01	6.762777e-01	1.156130e+00
5.553206794271115e-01	6.669507e-01	1.225904e+00
5.602034919271115e-01	6.542448e-01	1.294532e+00
5.650863044271115e-01	6.382242e-01	1.361669e+00
5.699691169271115e-01	6.189704e-01	1.426973e+00
5.748519294271115e-01	5.965807e-01	1.490114e+00
5.797347419271115e-01	5.711685e-01	1.550772e+00
5.846175544271115e-01	5.428628e-01	1.608640e+00
5.895003669271115e-01	5.118067e-01	1.663424e+00
5.943831794271115e-01	4.781578e-01	1.714847e+00
5.992659919271115e-01	4.420863e-01	1.762648e+00
6.041488044271115e-01	4.037752e-01	1.806586e+00
6.090316169271115e-01	3.634184e-01	1.846437e+00
6.139144294271115e-01	3.212205e-01	1.882000e+00
6.187972419271115e-01	2.773952e-01	1.913095e+00
6.236800544271115e-01	2.321646e-01	1.939564e+00
6.285628669271115e-01	1.857578e-01	1.961272e+00
6.334456794271115e-01	1.384099e-01	1.978111e+00
6.383284919271115e-01	9.036077e-02	1.989994e+00
6.432113044271115e-01	4.185387e-02	1.996861e+00
6.480941169271115e-01	-6.865061e-03	1.998679e+00
6.529769294271115e-01	-5.554920e-02	1.995436e+00
6.578597419271115e-01	-1.039519e-01	1.987151e+00
6.627425544271115e-01	-1.518280e-01	1.973864e+00
6.676253669271115e-01	-1.989348e-01	1.955644e+00
6.725081794271115e-01	-2.450338e-01	1.932582e+00
6.773909919271115e-01	-2.898914e-01	1.904795e+00
6.822738044271115e-01	-3.332803e-01	1.872424e+00
6.871566169271115e-01	-3.749808e-01	1.835634e+00
6.920394294271115e-01	-4.147815e-01	1.794610e+00
6.969222419271115e-01	-4.524808e-01	1.749560e+00
7.018050544271115e-01	-4.878877e-01	1.700713e+00
7.066878669271115e-01	-5.208228e-01	1.648316e+00
7.115706794271115e-01	-5.511194e-01	1.592634e+00
7.164534919271115e-01	-5.786238e-01	1.533950e+00
7.213363044271115e-01	-6.031968e-01	1.472560e+00
7.262191169271115e-01	-6.247138e-01	1.408777e+00
7.311019294271115e-01	-6.430659e-01	1.342922e+00
7.359847419271115e-01	-6.581600e-01	1.275331e+00
7.408675544271115e-01	-6.699198e-01	1.206344e+00
7.457503669271115e-01	-6.782855e-01	1.136312e+00
7.506331794271115e-01	-6.832150e-01	1.065589e+00
7.555159919271115e-01	-6.846830e-01	9.945341e-01
7.603988044271115e-01	-6.826823e-01	9.235067e-01
7.652816169271115e-01	-6.772230e-01	8.528669e-01
7.701644294271115e-01	-6.683326e-01	7.829725e-01
7.750472419271115e-01	-6.560563e-01	7.141775e-01
7.799300544271115e-01	-6.404563e-01	6.468307e-01
7.848128669271115e-01	-6.216116e-01	5.812730e-01
7.896956794271115e-01	-5.996176e-01	5.178366e-01
7.945784919271115e-01	-5.745859e-01	4.568430e-01
7.994613044271115e-01	-5.466431e-01	3.986012e-01
8.043441169271115e-01	-5.159308e-01	3.434061e-01
8.092269294271115e-01	-4.826048e-01	2.915376e-01
8.141097419271115e-01	-4.468338e-01	2.432582e-01
8.189925544271115e-01	-4.087989e-01	1.988126e-01
8.238753669271115e-01	-3.686930e-01	1.584260e-01
8.287581794271115e-01	-3.267192e-01	1.223031e-01
8.336409919271115e-01	-2.830902e-01	9.062668e-02
8.385238044271115e-01	-2.380269e-01	6.355739e-02
8.434066169271115e-01	-1.917578e-01	4.123232e-02
8.482894294271115e-01	-1.445171e-01	2.376457e-02
8.531722419271115e-01	-9.654425e-02	1.124266e-02
8.580550544271115e-01	-4.808229e-02	3.730000e-03
8.629378669271115e-01	6.232756e-04	1.264668e-03
8.678206794271115e-01	4.932569e-02	3.859148e-03
8.727034919271115e-01	9.777822e-02	1.150030e-02
8.775863044271115e-01	1.457354e-01	2.414940e-02
8.824691169271115e-01	1.929542e-01	4.174239e-02
8.873519294271115e-01	2.391956e-01	6.419011e-02
8.922347419271115e-01	2.842250e-01	9.137886e-02
8.971175544271115e-01	3.278146e-01	1.231709e-01
9.020003669271115e-01	3.697434e-01	1.594051e-01
9.068831794271115e-01	4.097990e-01	1.998980e-01
9.117659919271115e-01	4.477784e-01	2.444443e-01
9.166488044271115e-01	4.834893e-01	2.928185e-01
9.215316169271115e-01	5.167508e-01	3.447754e-01
9.264144294271115e-01	5.473943e-01	4.000518e-01
9.312972419271115e-01	5.752645e-01	4.583677e-01
9.361800544271115e-01	6.002203e-01	5.194276e-01
9.410628669271115e-01	6.221353e-01	5.829222e-01
9.459456794271115e-01	6.408985e-01	6.485297e-01
9.508284919271115e-01	6.564146e-01	7.159179e-01
9.557113044271115e-01	6.686053e-01	7.847453e-01
9.605941169271115e-01	6.774086e-01	8.546633e-01
9.654769294271115e-01	6.827800e-01	9.253174e-01
9.703597419271115e-01	6.846923e-01	9.963500e-01
9.752425544271115e-01	6.831358e-01	1.067401e+00
9.801253669271115e-01	6.781184e-01	1.138111e+00
9.850081794271115e-01	6.696655e-01	1.208120e+00
9.898909919271115e-01	6.578199e-01	1.277076e+00
9.947738044271115e-01	6.426417e-01	1.344628e+00
9.996566169271115e-01	6.242076e-01	1.410433e+00
1.004539429427111e+00	6.026112e-01	1.474160e+00
1.009422241927111e+00	5.779619e-01	1.535484e+00
1.014305054427111e+00	5.503844e-01	1.594095e+00
1.019187866927111e+00	5.200186e-01	1.649696e+00
1.024070679427111e+00	4.870183e-01	1.702006e+00
1.028953491927111e+00	4.515506e-01	1.750759e+00
1.033836304427111e+00	4.137952e-01	1.795709e+00
1.038719116927111e+00	3.739435e-01	1.836628e+00
1.043601929427111e+00	3.321973e-01	1.873308e+00
1.048484741927111e+00	2.887681e-01	1.905563e+00
1.053367554427111e+00	2.438760e-01	1.933231e+00
1.058250366927111e+00	1.977483e-01	1.956171e+00
1.063133179427111e+00	1.506188e-01	1.974266e+00
1.068015991927111e+00	1.027263e-01	1.987426e+00
1.072898804427111e+00	5.431327e-02	1.995583e+00
1.077781616927111e+00	5.625118e-03	1.998696e+00
1.082664429427111e+00	-4.309152e-02	1.996750e+00
1.087547241927111e+00	-9.158985e-02	1.989754e+00
1.092430054427111e+00	-1.396241e-01	1.977743e+00
1.097312866927111e+00	-1.869511e-01	1.960779e+00
1.102195679427111e+00	-2.333308e-01	1.938947e+00
1.107078491927111e+00	-2.785285e-01	1.912359e+00
1.111961304427111e+00	-3.223151e-01	1.881148e+00
1.116844116927111e+00	-3.644687e-01	1.845473e+00
1.121726929427111e+00	-4.047758e-01	1.805515e+00
1.126609741927111e+00	-4.430323e-01	1.761476e+00
1.131492554427111e+00	-4.790442e-01	1.713579e+00
1.136375366927111e+00	-5.126292e-01	1.662066e+00
1.141258179427111e+00	-5.436170e-01	1.607200e+00
1.146140991927111e+00	-5.718508e-01	1.549257e+00
1.151023804427111e+00	-5.971874e-01	1.488532e+00
1.155906616927111e+00	-6.194986e-01	1.425331e+00
1.160789429427111e+00	-6.386711e-01	1.359976e+00
1.165672241927111e+00	-6.546080e-01	1.292797e+00
1.170555054427111e+00	-6.672285e-01	1.224135e+00
1.175437866927111e+00	-6.764687e-01	1.154337e+00
1.180320679427111e+00	-6.822817e-01	1.083757e+00
1.185203491927111e+00	-6.846381e-01	1.012753e+00
1.190086304427111e+00	-6.835259e-01	9.416840e-01
1.194969116927111e+00	-6.789509e-01	8.709106e-01
1.199851929427111e+00	-6.709361e-01	8.007911e-01
1.204734741927111e+00	-6.595222e-01	7.316810e-01
1.209617554427111e+00	-6.447669e-01	6.639301e-01
1.214500366927111e+00	-6.267452e-01	5.978819e-01
1.219383179427111e+00	-6.055481e-01	5.338708e-01
1.224265991927111e+00	-5.812833e-01	4.722212e-01
1.229148804427111e+00	-5.540735e-01	4.132455e-01
1.234031616927111e+00	-5.240566e-01	3.572424e-01
1.238914429427111e+00	-4.913847e-01	3.044957e-01
1.243797241927111e+00	-4.562233e-01	2.552725e-01
1.248680054427111e+00	-4.187506e-01	2.098223e-01
1.253562866927111e+00	-3.791564e-01	1.683752e-01
1.258445679427111e+00	-3.376412e-01	1.311414e-01
1.263328491927111e+00	-2.944155e-01	9.830940e-02
1.268211304427111e+00	-2.496982e-01	7.004556e-02
1.273094116927111e+00	-2.037159e-01	4.649307e-02
1.277976929427111e+00	-1.567015e-01	2.777125e-02
1.282859741927111e+00	-1.088932e-01	1.397496e-02
1.287742554427111e+00	-6.053318e-02	5.174087e-03
1.292625366927111e+00	-1.186650e-02	1.413223e-03
1.297508179427111e+00	3.686031e-02	2.711419e-03
1.302390991927111e+00	8.540039e-02	9.062099e-03
1.307273804427111e+00	1.335078e-01	2.043309e-02
1.312156616927111e+00	1.809389e-01	3.676678e-02
1.317039429427111e+00	2.274532e-01	5.798043e-02
1.321922241927111e+00	2.728153e-01	8.396655e-02
1.326805054427111e+00	3.167952e-01	1.145935e-01
1.331687866927111e+00	3.591702e-01	1.497061e-01
1.336570679427111e+00	3.997256e-01	1.891265e-01
1.341453491927111e+00	4.382558e-01	2.326549e-01
1.346336304427111e+00	4.745657e-01	2.800709e-01
1.351219116927111e+00	5.084714e-01	3.311342e-01
1.356101929427111e+00	5.398011e-01	3.855861e-01
1.360984741927111e+00	5.683960e-01	4.431508e-01
1.365867554427111e+00	5.941113e-01	5.035366e-01
1.370750366927111e+00	6.168167e-01	5.664376e-01
1.375633179427111e+00	6.363972e-01	6.315351e-01
1.380515991927111e+00	6.527535e-01	6.984993e-01
1.385398804427111e+00	6.658029e-01	7.669909e-01
1.390281616927111e+00	6.754791e-01	8.366631e-01
1.395164429427111e+00	6.817332e-01	9.071627e-01
1.400047241927111e+00	6.845335e-01	9.781326e-01
1.404930054427111e+00	6.838658e-01	1.049213e+00
1.409812866927111e+00	6.797335e-01	1.120045e+00
1.414695679427111e+00	6.721575e-01	1.190268e+00
1.419578491927111e+00	6.611761e-01	1.259527e+00
1.424461304427111e+00	6.468452e-01	1.327471e+00
1.429344116927111e+00	6.292372e-01	1.393757e+00
1.434226929427111e+00	6.084412e-01	1.458047e+00
1.439109741927111e+00	5.845628e-01	1.520017e+00
1.443992554427111e+00	5.577229e-01	1.579352e+00
1.448875366927111e+00	5.280575e-01	1.635753e+00
1.453758179427111e+00	4.957168e-01	1.688932e+00
1.458640991927111e+00	4.608646e-01	1.738621e+00
1.463523804427111e+00	4.236776e-01	1.784568e+00
1.468406616927111e+00	3.843442e-01	1.826540e+00
1.473289429427111e+00	3.430636e-01	1.864324e+00
1.478172241927111e+00	3.000450e-01	1.897730e+00
1.483055054427111e+00	2.555062e-01	1.926588e+00
1.487937866927111e+00	2.096731e-01	1.950751e+00
1.492820679427111e+00	1.627777e-01	1.970098e+00
1.497703491927111e+00	1.150576e-01	1.984529e+00
1.502586304427111e+00	6.675462e-02	1.993973e+00
1.507469116927111e+00	1.811345e-02	1.998381e+00
1.512351929427111e+00	-3.061947e-02	1.997732e+00
1.517234741927111e+00	-7.919727e-02	1.992027e+00
1.522117554427111e+00	-1.273738e-01	1.981297e+00
1.527000366927111e+00	-1.749051e-01	1.965595e+00
1.531883179427111e+00	-2.215502e-01	1.945001e+00
1.536765991927111e+00	-2.670729e-01	1.919619e+00
1.541648804427111e+00	-3.112425e-01	1.889579e+00
1.546531616927111e+00	-3.538353e-01	1.855031e+00
1.551414429427111e+00	-3.946355e-01	1.816152e+00
1.556297241927111e+00	-4.334363e-01	1.773138e+00
1.561180054427111e+00	-4.700413e-01	1.726207e+00
1.566062866927111e+00	-5.042648e-01	1.675597e+00
1.570945679427111e+00	-5.359337e-01	1.621564e+00
1.575828491927111e+00	-5.648874e-01	1.564382e+00
1.580711304427111e+00	-5.909793e-01	1.504341e+00
1.585594116927111e+00	-6.140770e-01	1.441745e+00
1.590476929427111e+00	-6.340638e-01	1.376910e+00
1.595359741927111e+00	-6.508381e-01	1.310166e+00
1.600242554427111e+00	-6.643152e-01	1.241851e+00
1.605125366927111e+00	-6.744267e-01	1.172311e+00
1.610008179427111e+00	-6.811215e-01	1.101897e+00
1.614890991927111e+00	-6.843654e-01	1.030967e+00
1.619773804427111e+00	-6.841422e-01	9.598807e-01
1.624656616927111e+00	-6.804529e-01	8.889973e-01
1.629539429427111e+00	-6.733164e-01	8.186762e-01
1.634422241927111e+00	-6.627685e-01	7.492737e-01
1.639305054427111e+00	-6.488630e-01	6.811414e-01
1.644187866927111e+00	-6.316702e-01	6.146246e-01
1.649070679427111e+00	-6.112772e-01	5.500601e-01
1.653953491927111e+00	-5.877873e-01	4.877751e-01
1.658836304427111e+00	-5.613195e-01	4.280851e-01
1.663719116927111e+00	-5.320079e-01	3.712926e-01
1.668601929427111e+00	-5.000010e-01	3.176852e-01
1.673484741927111e+00	-4.654610e-01	2.675346e-01
1.678367554427111e+00	-4.285629e-01	2.210949e-01
1.683250366927111e+00	-3.894935e-01	1.786012e-01
1.688133179427111e+00	-3.484509e-01	1.402689e-01
1.693015991927111e+00	-3.056429e-01	1.062922e-01
1.697898804427111e+00	-2.612865e-01	7.684320e-02
1.702781616927111e+00	-2.156063e-01	5.207112e-02
1.707664429427111e+00	-1.688338e-01	3.210146e-02
1.712547241927111e+00	-1.212059e-01	1.703539e-02
1.717430054427111e+00	-7.296395e-02	6.949225e-03
1.722312866927111e+00	-2.435235e-02	1.894077e-03
1.727195679427111e+00	2.438264e-02	1.895554e-03
1.732078491927111e+00	7.299411e-02	6.953649e-03
1.736961304427111e+00	1.212358e-01	1.704273e-02
1.741844116927111e+00	1.688633e-01	3.211170e-02
1.746726929427111e+00	2.156352e-01	5.208420e-02
1.751609741927111e+00	2.613147e-01	7.685905e-02
1.756492554427111e+00	3.056704e-01	1.063107e-01
1.761375366927111e+00	3.484775e-01	1.402901e-01
1.766258179427111e+00	3.895191e-01	1.786248e-01
1.771140991927111e+00	4.285873e-01	2.211209e-01
1.776023804427111e+00	4.654842e-01	2.675629e-01
1.780906616927111e+00	5.000229e-01	3.177156e-01
1.785789429427111e+00	5.320283e-01	3.713249e-01
1.790672241927111e+00	5.613384e-01	4.281192e-01
1.795555054427111e+00	5.878046e-01	4.878108e-01
1.800437866927111e+00	6.112928e-01	5.500973e-01
1.805320679427111e+00	6.316842e-01	6.146630e-01
1.810203491927111e+00	6.488752e-01	6.811810e-01
1.815086304427111e+00	6.627789e-01	7.493141e-01
1.819969116927111e+00	6.733248e-01	8.187172e-01
1.824851929427111e+00	6.804596e-01	8.890388e-01
1.829734741927111e+00	6.841469e-01	9.599225e-01
1.834617554427111e+00	6.843682e-01	1.031009e+00
1.839500366927111e+00	6.811223e-01	1.101939e+00
1.844383179427111e+00	6.744257e-01	1.172352e+00
1.849265991927111e+00	6.643124e-01	1.241892e+00
1.854148804427111e+00	6.508335e-01	1.310206e+00
1.859031616927111e+00	6.340573e-01	1.376949e+00
1.863914429427111e+00	6.140688e-01	1.441782e+00
1.868797241927111e+00	5.909693e-01	1.504377e+00
1.873680054427111e+00	5.648758e-01	1.564417e+00
1.878562866927111e+00	5.359206e-01	1.621597e+00
1.883445679427111e+00	5.042502e-01	1.675628e+00
1.888328491927111e+00	4.700253e-01	1.726236e+00
1.893211304427111e+00	4.334190e-01	1.773165e+00
1.898094116927111e+00	3.946170e-01	1.816177e+00
1.902976929427111e+00	3.538157e-01	1.855053e+00
1.907859741927111e+00	3.112220e-01	1.889598e+00
1.912742554427111e+00	2.670515e-01	1.919636e+00
1.917625366927111e+00	2.215281e-01	1.945015e+00
1.922508179427111e+00	1.748824e-01	1.965606e+00
1.927390991927111e+00	1.273507e-01	1.981305e+00
1.932273804427111e+00	7.917378e-02	1.992033e+00
1.937156616927111e+00	3.059578e-02	1.997735e+00
1.942039429427111e+00	-1.813721e-02	1.998381e+00
1.946922241927111e+00	-6.677831e-02	1.993970e+00
1.951805054427111e+00	-1.150811e-01	1.984523e+00
1.956687866927111e+00	-1.628008e-01	1.970089e+00
1.961570679427111e+00	-2.096958e-01	1.950739e+00
1.966453491927111e+00	-2.555284e-01	1.926573e+00
1.971336304427111e+00	-3.000664e-01	1.897713e+00
1.976219116927111e+00	-3.430841e-01	1.864305e+00
1.981101929427111e+00	-3.843638e-01	1.826517e+00
1.985984741927111e+00	-4.236961e-01	1.784543e+00
1.990867554427111e+00	-4.608819e-01	1.738594e+00
1.995750366927111e+00	-4.957328e-01	1.688902e+00
2.000633179427111e+00	-5.280721e-01	1.635721e+00
2.005515991927111e+00	-5.577361e-01	1.579319e+00
2.010398804427111e+00	-5.845745e-01	1.519982e+00
2.015281616927111e+00	-6.084512e-01	1.458011e+00
2.020164429427111e+00	-6.292454e-01	1.393719e+00
2.025047241927111e+00	-6.468517e-01	1.327432e+00
2.029930054427111e+00	-6.611809e-01	1.259487e+00
2.034812866927111e+00	-6.721604e-01	1.190227e+00
2.039695679427111e+00	-6.797345e-01	1.120003e+00
2.044578491927111e+00	-6.838650e-01	1.049172e+00
2.049461304427111e+00	-6.845307e-01	9.780908e-01
2.054344116927111e+00	-6.817285e-01	9.071208e-01
2.059226929427111e+00	-6.754725e-01	8.366215e-01
2.064109741927111e+00	-6.657944e-01	7.669499e-01
2.068992554427111e+00	-6.527432e-01	6.984589e-01
2.073875366927111e+00	-6.363850e-01	6.314955e-01
2.078758179427111e+00	-6.168028e-01	5.663991e-01
2.083640991927111e+00	-5.940956e-01	5.034994e-01
2.088523804427111e+00	-5.683787e-01	4.431151e-01
2.093406616927111e+00	-5.397822e-01	3.855520e-01
2.098289429427111e+00	-5.084510e-01	3.311019e-01
2.103172241927111e+00	-4.745439e-01	2.800406e-01
2.108055054427111e+00	-4.382326e-01	2.326267e-01
2.112937866927111e+00	-3.997011e-01	1.891005e-01
2.117820679427111e+00	-3.591446e-01	1.496825e-01
2.122703491927111e+00	-3.167686e-01	1.145724e-01
2.127586304427111e+00	-2.727878e-01	8.394806e-02
2.132469116927111e+00	-2.274249e-01	5.796464e-02
2.137351929427111e+00	-1.809099e-01	3.675377e-02
2.142234741927111e+00	-1.334783e-01	2.042292e-02
2.147117554427111e+00	-8.537047e-02	9.054822e-03
2.152000366927111e+00	-3.683013e-02	2.707071e-03
2.156883179427111e+00	1.189682e-02	1.411826e-03
2.161765991927111e+00	6.056350e-02	5.175649e-03
2.166648804427111e+00	1.089234e-01	1.397947e-02
2.171531616927111e+00	1.567314e-01	2.777869e-02
2.176414429427111e+00	2.037454e-01	4.650340e-02
2.181297241927111e+00	2.497272e-01	7.005873e-02
2.186180054427111e+00	2.944439e-01	9.832534e-02
2.191062866927111e+00	3.376688e-01	1.311601e-01
2.195945679427111e+00	3.791830e-01	1.683965e-01
2.200828491927111e+00	4.187762e-01	2.098460e-01
2.205711304427111e+00	4.562478e-01	2.552986e-01
2.210594116927111e+00	4.914079e-01	3.045240e-01
2.215476929427111e+00	5.240785e-01	3.572729e-01
2.220359741927111e+00	5.540940e-01	4.132780e-01
2.225242554427111e+00	5.813022e-01	4.722555e-01
2.230125366927111e+00	6.055655e-01	5.339066e-01
2.235008179427111e+00	6.267609e-01	5.979191e-01
2.239890991927111e+00	6.447809e-01	6.639687e-01
2.244773804427111e+00	6.595344e-01	7.317206e-01
2.249656616927111e+00	6.709465e-01	8.008317e-01
2.254539429427111e+00	6.789594e-01	8.709518e-01
2.259422241927111e+00	6.835326e-01	9.417256e-01
2.264305054427111e+00	6.846429e-01	1.012795e+00
2.269187866927111e+00	6.822845e-01	1.083799e+00
2.274070679427111e+00	6.764696e-01	1.154379e+00
2.278953491927111e+00	6.672276e-01	1.224176e+00
2.283836304427111e+00	6.546052e-01	1.292838e+00
2.288719116927111e+00	6.386664e-01	1.360016e+00
2.293601929427111e+00	6.194920e-01	1.425370e+00
2.298484741927111e+00	5.971792e-01	1.488570e+00
2.303367554427111e+00	5.718408e-01	1.549294e+00
2.308250366927111e+00	5.436054e-01	1.607235e+00
2.313133179427111e+00	5.126160e-01	1.662100e+00
2.318015991927111e+00	4.790296e-01	1.713610e+00
2.322898804427111e+00	4.430162e-01	1.761505e+00
2.327781616927111e+00	4.047585e-01	1.805542e+00
2.332664429427111e+00	3.644502e-01	1.845498e+00
2.337547241927111e+00	3.222955e-01	1.881170e+00
2.342430054427111e+00	2.785079e-01	1.912379e+00
2.347312866927111e+00	2.333094e-01	1.938964e+00
2.352195679427111e+00	1.869289e-01	1.960793e+00
2.357078491927111e+00	1.396014e-01	1.977755e+00
2.361961304427111e+00	9.156662e-02	1.989762e+00
2.366844116927111e+00	4.306796e-02	1.996756e+00
2.371726929427111e+00	-5.648885e-03	1.998699e+00
2.376609741927111e+00	-5.433711e-02	1.995583e+00
2.381492554427111e+00	-1.027500e-01	1.987423e+00
2.386375366927111e+00	-1.506424e-01	1.974260e+00
2.391258179427111e+00	-1.977716e-01	1.956162e+00
2.396140991927111e+00	-2.438988e-01	1.933219e+00
2.401023804427111e+00	-2.887903e-01	1.905549e+00
2.405906616927111e+00	-3.322188e-01	1.873290e+00
2.410789429427111e+00	-3.739641e-01	1.836608e+00
2.415672241927111e+00	-4.138149e-01	1.795687e+00
2.420555054427111e+00	-4.515691e-01	1.750734e+00
2.425437866927111e+00	-4.870357e-01	1.701979e+00
2.430320679427111e+00	-5.200347e-01	1.649667e+00
2.435203491927111e+00	-5.503991e-01	1.594063e+00
2.440086304427111e+00	-5.779751e-01	1.535450e+00
2.444969116927111e+00	-6.026229e-01	1.474124e+00
2.449851929427111e+00	-6.242177e-01	1.410397e+00
2.454734741927111e+00	-6.426500e-01	1.344589e+00
2.459617554427111e+00	-6.578265e-01	1.277037e+00
2.464500366927111e+00	-6.696703e-01	1.208080e+00
2.469383179427111e+00	-6.781213e-01	1.138070e+00
2.474265991927111e+00	-6.831369e-01	1.067359e+00
2.479148804427111e+00	-6.846915e-01	9.963081e-01
2.484031616927111e+00	-6.827773e-01	9.252754e-01
2.488914429427111e+00	-6.774039e-01	8.546213e-01
2.493797241927111e+00	-6.685987e-01	7.847036e-01
2.498680054427111e+00	-6.564062e-01	7.158767e-01
2.503562866927111e+00	-6.408881e-01	6.484892e-01
2.508445679427111e+00	-6.221232e-01	5.828825e-01
2.513328491927111e+00	-6.002064e-01	5.193890e-01
2.518211304427111e+00	-5.752488e-01	4.583304e-01
2.523094116927111e+00	-5.473769e-01	4.000160e-01
2.527976929427111e+00	-5.167318e-01	3.447412e-01
2.532859741927111e+00	-4.834688e-01	2.927861e-01
2.537742554427111e+00	-4.477565e-01	2.444139e-01
2.542625366927111e+00	-4.097757e-01	1.998697e-01
2.547508179427111e+00	-3.697188e-01	1.593791e-01
2.552390991927111e+00	-3.277889e-01	1.231473e-01
2.557273804427111e+00	-2.841983e-01	9.135777e-02
2.562156616927111e+00	-2.391680e-01	6.417164e-02
2.567039429427111e+00	-1.929258e-01	4.172662e-02
2.571922241927111e+00	-1.457063e-01	2.413643e-02
2.576805054427111e+00	-9.774861e-02	1.149018e-02
2.581687866927111e+00	-4.929567e-02	3.851934e-03
2.586570679427111e+00	-5.929779e-04	1.260395e-03
2.591453491927111e+00	4.811273e-02	3.728691e-03
2.596336304427111e+00	9.657469e-02	1.124432e-02
2.601219116927111e+00	1.445474e-01	2.376920e-02
2.606101929427111e+00	1.917878e-01	4.123988e-02
2.610984741927111e+00	2.380566e-01	6.356785e-02
2.615867554427111e+00	2.831193e-01	9.063999e-02
2.620750366927111e+00	3.267477e-01	1.223191e-01
2.625633179427111e+00	3.687207e-01	1.584448e-01
2.630515991927111e+00	4.088257e-01	1.988340e-01
2.635398804427111e+00	4.468595e-01	2.432821e-01
2.640281616927111e+00	4.826294e-01	2.915639e-01
2.645164429427111e+00	5.159542e-01	3.434347e-01
2.650047241927111e+00	5.466651e-01	3.986319e-01
2.654930054427111e+00	5.746064e-01	4.568757e-01
2.659812866927111e+00	5.996367e-01	5.178711e-01
2.664695679427111e+00	6.216291e-01	5.813090e-01
2.669578491927111e+00	6.404722e-01	6.468681e-01
2.674461304427111e+00	6.560704e-01	7.142163e-01
2.679344116927111e+00	6.683449e-01	7.830123e-01
2.684226929427111e+00	6.772334e-01	8.529076e-01
2.689109741927111e+00	6.826909e-01	9.235481e-01
2.693992554427111e+00	6.846897e-01	9.945759e-01
2.698875366927111e+00	6.832197e-01	1.065631e+00
2.703758179427111e+00	6.782884e-01	1.136354e+00
2.708640991927111e+00	6.699207e-01	1.206386e+00
2.713523804427111e+00	6.581591e-01	1.275372e+00
2.718406616927111e+00	6.430631e-01	1.342963e+00
2.723289429427111e+00	6.247091e-01	1.408817e+00
2.728172241927111e+00	6.031902e-01	1.472600e+00
2.733055054427111e+00	5.786155e-01	1.533988e+00
2.737937866927111e+00	5.511094e-01	1.592670e+00
2.742820679427111e+00	5.208112e-01	1.648351e+00
2.747703491927111e+00	4.878744e-01	1.700746e+00
2.752586304427111e+00	4.524661e-01	1.749592e+00
2.757469116927111e+00	4.147654e-01	1.794639e+00
2.762351929427111e+00	3.749633e-01	1.835661e+00
2.767234741927111e+00	3.332617e-01	1.872449e+00
2.772117554427111e+00	2.898717e-01	1.904817e+00
2.777000366927111e+00	2.450131e-01	1.932602e+00
2.781883179427111e+00	1.989133e-01	1.955661e+00
2.786765991927111e+00	1.518057e-01	1.973879e+00
2.791648804427111e+00	1.039290e-01	1.987162e+00
2.796531616927111e+00	5.552584e-02	1.995445e+00
2.801414429427111e+00	6.841348e-03	1.998684e+00
2.806297241927111e+00	-4.187779e-02	1.996864e+00
2.811180054427111e+00	-9.038476e-02	1.989994e+00
2.816062866927111e+00	-1.384338e-01	1.978107e+00
2.820945679427111e+00	-1.857815e-01	1.961266e+00
2.825828491927111e+00	-2.321880e-01	1.939554e+00
2.830711304427111e+00	-2.774182e-01	1.913083e+00
2.835594116927111e+00	-3.212428e-01	1.881986e+00
2.840476929427111e+00	-3.634400e-01	1.846420e+00
2.845359741927111e+00	-4.037960e-01	1.806566e+00
2.850242554427111e+00	-4.421061e-01	1.762626e+00
2.855125366927111e+00	-4.781765e-01	1.714822e+00
2.860008179427111e+00	-5.118243e-01	1.663396e+00
2.864890991927111e+00	-5.428790e-01	1.608610e+00
2.869773804427111e+00	-5.711834e-01	1.550740e+00
2.874656616927111e+00	-5.965940e-01	1.490080e+00
2.879539429427111e+00	-6.189822e-01	1.426938e+00
2.884422241927111e+00	-6.382344e-01	1.361632e+00
2.889305054427111e+00	-6.542532e-01	1.294494e+00
2.894187866927111e+00	-6.669574e-01	1.225864e+00
2.899070679427111e+00	-6.762826e-01	1.156090e+00
2.903953491927111e+00	-6.821815e-01	1.085525e+00
2.908836304427111e+00	-6.846244e-01	1.014527e+00
2.913719116927111e+00	-6.835988e-01	9.434549e-01
2.918601929427111e+00	-6.791099e-01	8.726695e-01
2.923484741927111e+00	-6.711805e-01	8.025291e-01
2.928367554427111e+00	-6.598507e-01	7.333891e-01
2.933250366927111e+00	-6.451780e-01	6.655998e-01
2.938133179427111e+00	-6.272365e-01	5.995047e-01
2.943015991927111e+00	-6.061174e-01	5.354385e-01
2.947898804427111e+00	-5.819275e-01	4.737260e-01
2.952781616927111e+00	-5.547895e-01	4.146796e-01
2.957664429427111e+00	-5.248407e-01	3.585986e-01
2.962547241927111e+00	-4.922329e-01	3.057670e-01
2.967430054427111e+00	-4.571314e-01	2.564526e-01
2.972312866927111e+00	-4.197139e-01	2.109052e-01
2.977195679427111e+00	-3.801701e-01	1.693555e-01
2.982078491927111e+00	-3.387002e-01	1.320139e-01
2.986961304427111e+00	-2.955144e-01	9.906985e-02
2.991844116927111e+00	-2.508314e-01	7.069007e-02
2.996726929427111e+00	-2.048776e-01	4.701837e-02
3.001609741927111e+00	-1.578859e-01	2.817469e-02
3.006492554427111e+00	-1.100942e-01	1.425449e-02
3.011375366927111e+00	-6.174484e-02	5.328286e-03
3.016258179427111e+00	-1.308261e-02	1.441313e-03
3.021140991927111e+00	3.564591e-02	2.613258e-03
3.026023804427111e+00	8.419386e-02	8.838183e-03
3.030906616927111e+00	1.323152e-01	2.008455e-02
3.035789429427111e+00	1.797663e-01	3.629539e-02
3.040672241927111e+00	2.263067e-01	5.738857e-02
3.045555054427111e+00	2.717005e-01	8.325723e-02
3.050437866927111e+00	3.157178e-01	1.137703e-01
3.055320679427111e+00	3.581357e-01	1.487732e-01
3.060203491927111e+00	3.987392e-01	1.880886e-01
3.065086304427111e+00	4.373225e-01	2.315173e-01
3.069969116927111e+00	4.736903e-01	2.788394e-01
3.074851929427111e+00	5.076582e-01	3.298150e-01
3.079734741927111e+00	5.390543e-01	3.841859e-01
3.084617554427111e+00	5.677194e-01	4.416766e-01
3.089500366927111e+00	5.935083e-01	5.019959e-01
3.094383179427111e+00	6.162903e-01	5.648382e-01
3.099265991927111e+00	6.359501e-01	6.298851e-01
3.104148804427111e+00	6.523881e-01	6.968071e-01
3.109031616927111e+00	6.655209e-01	7.652652e-01
3.113914429427111e+00	6.752820e-01	8.349124e-01
3.118797241927111e+00	6.816220e-01	9.053960e-01
3.123680054427111e+00	6.845087e-01	9.763589e-01
3.128562866927111e+00	6.839275e-01	1.047441e+00
3.133445679427111e+00	6.798815e-01	1.118284e+00
3.138328491927111e+00	6.723909e-01	1.188527e+00
3.143211304427111e+00	6.614940e-01	1.257815e+00
3.148094116927111e+00	6.472457e-01	1.325796e+00
3.152976929427111e+00	6.297183e-01	1.392127e+00
3.157859741927111e+00	6.090007e-01	1.456472e+00
3.162742554427111e+00	5.851977e-01	1.518504e+00
3.167625366927111e+00	5.584300e-01	1.577909e+00
3.172508179427111e+00	5.288331e-01	1.634386e+00
3.177390991927111e+00	4.965570e-01	1.687649e+00
3.182273804427111e+00	4.617653e-01	1.737429e+00
3.187156616927111e+00	4.246342e-01	1.783472e+00
3.192039429427111e+00	3.853518e-01	1.825546e+00
3.196922241927111e+00	3.441171e-01	1.863438e+00
3.201805054427111e+00	3.011390e-01	1.896955e+00
3.206687866927111e+00	2.566353e-01	1.925928e+00
3.211570679427111e+00	2.108315e-01	1.950210e+00
3.216453491927111e+00	1.639595e-01	1.969678e+00
3.221336304427111e+00	1.162569e-01	1.984234e+00
3.226219116927111e+00	6.796526e-02	1.993803e+00
3.231101929427111e+00	1.932933e-02	1.998337e+00
3.235984741927111e+00	-2.940451e-02	1.997814e+00
3.240867554427111e+00	-7.798938e-02	1.992235e+00
3.245750366927111e+00	-1.261791e-01	1.981629e+00
3.250633179427111e+00	-1.737296e-01	1.966050e+00
3.255515991927111e+00	-2.203999e-01	1.945577e+00
3.260398804427111e+00	-2.659537e-01	1.920313e+00
3.265281616927111e+00	-3.101600e-01	1.890387e+00
3.270164429427111e+00	-3.527950e-01	1.855950e+00
3.275047241927111e+00	-3.936426e-01	1.817177e+00
3.279930054427111e+00	-4.324960e-01	1.774263e+00
3.284812866927111e+00	-4.691581e-01	1.727427e+00
3.289695679427111e+00	-5.034435e-01	1.676905e+00
3.294578491927111e+00	-5.351782e-01	1.622954e+00
3.299461304427111e+00	-5.642016e-01	1.565847e+00
3.304344116927111e+00	-5.903667e-01	1.505873e+00
3.309226929427111e+00	-6.135408e-01	1.443337e+00
3.314109741927111e+00	-6.336064e-01	1.378554e+00
3.318992554427111e+00	-6.504622e-01	1.311854e+00
3.323875366927111e+00	-6.640224e-01	1.243573e+00
3.328758179427111e+00	-6.742187e-01	1.174059e+00
3.333640991927111e+00	-6.809992e-01	1.103662e+00
3.338523804427111e+00	-6.843295e-01	1.032741e+00
3.343406616927111e+00	-6.841928e-01	9.616532e-01
3.348289429427111e+00	-6.805899e-01	8.907601e-01
3.353172241927111e+00	-6.735389e-01	8.204203e-01
3.358055054427111e+00	-6.630757e-01	7.509903e-01
3.362937866927111e+00	-6.492531e-01	6.828218e-01
3.367820679427111e+00	-6.321412e-01	6.162602e-01
3.372703491927111e+00	-6.118267e-01	5.516428e-01
3.377586304427111e+00	-5.884126e-01	4.892967e-01
3.382469116927111e+00	-5.620174e-01	4.295380e-01
3.387351929427111e+00	-5.327749e-01	3.726694e-01
3.392234741927111e+00	-5.008333e-01	3.189790e-01
3.397117554427111e+00	-4.663543e-01	2.687387e-01
3.402000366927111e+00	-4.295126e-01	2.222032e-01
3.406883179427111e+00	-3.904949e-01	1.796082e-01
3.411765991927111e+00	-3.494988e-01	1.411695e-01
3.416648804427111e+00	-3.067321e-01	1.070818e-01
3.421531616927111e+00	-2.624114e-01	7.751776e-02
3.426414429427111e+00	-2.167612e-01	5.262725e-02
3.431297241927111e+00	-1.700129e-01	3.253635e-02
3.436180054427111e+00	-1.224033e-01	1.734682e-02
3.441062866927111e+00	-7.417348e-02	7.135637e-03
3.445945679427111e+00	-2.556790e-02	1.954520e-03
3.450828491927111e+00	2.316721e-02	1.829721e-03
3.455711304427111e+00	7.178497e-02	6.761873e-03
3.460594116927111e+00	1.200391e-01	1.672599e-02
3.465476929427111e+00	1.676850e-01	3.167159e-02
3.470359741927111e+00	2.144814e-01	5.152295e-02
3.475242554427111e+00	2.601913e-01	7.617950e-02
3.480125366927111e+00	3.045829e-01	1.055163e-01
3.485008179427111e+00	3.474315e-01	1.393848e-01
3.489890991927111e+00	3.885199e-01	1.776134e-01
3.494773804427111e+00	4.276399e-01	2.200083e-01
3.499656616927111e+00	4.645935e-01	2.663549e-01
3.504539429427111e+00	4.991933e-01	3.164182e-01
3.509422241927111e+00	5.312641e-01	3.699448e-01
3.514305054427111e+00	5.606434e-01	4.266633e-01
3.519187866927111e+00	5.871824e-01	4.862864e-01
3.524070679427111e+00	6.107466e-01	5.485122e-01
3.528953491927111e+00	6.312165e-01	6.130252e-01
3.533836304427111e+00	6.484886e-01	6.794988e-01
3.538719116927111e+00	6.624753e-01	7.475961e-01
3.543601929427111e+00	6.731058e-01	8.169721e-01
3.548484741927111e+00	6.803262e-01	8.872753e-01
3.553367554427111e+00	6.840999e-01	9.581497e-01
3.558250366927111e+00	6.844078e-01	1.029236e+00
3.563133179427111e+00	6.812483e-01	1.100174e+00
3.568015991927111e+00	6.746374e-01	1.170605e+00
3.572898804427111e+00	6.646087e-01	1.240171e+00
3.577781616927111e+00	6.512129e-01	1.308521e+00
3.582664429427111e+00	6.345180e-01	1.375307e+00
3.587547241927111e+00	6.146085e-01	1.440192e+00
3.592430054427111e+00	5.915852e-01	1.502847e+00
3.597312866927111e+00	5.655648e-01	1.562955e+00
3.602195679427111e+00	5.366790e-01	1.620210e+00
3.607078491927111e+00	5.050744e-01	1.674323e+00
3.611961304427111e+00	4.709109e-01	1.725020e+00
3.616844116927111e+00	4.343618e-01	1.772044e+00
3.621726929427111e+00	3.956120e-01	1.815156e+00
3.626609741927111e+00	3.548580e-01	1.854139e+00
3.631492554427111e+00	3.123062e-01	1.888794e+00
3.636375366927111e+00	2.681722e-01	1.918947e+00
3.641258179427111e+00	2.226795e-01	1.944444e+00
3.646140991927111e+00	1.760588e-01	1.965156e+00
3.651023804427111e+00	1.285460e-01	1.980978e+00
3.655906616927111e+00	8.038209e-02	1.991830e+00
3.660789429427111e+00	3.181091e-02	1.997658e+00
3.665672241927111e+00	-1.692143e-02	1.998431e+00
3.670555054427111e+00	-6.556803e-02	1.994146e+00
3.675437866927111e+00	-1.138824e-01	1.984824e+00
3.680320679427111e+00	-1.616199e-01	1.970513e+00
3.685203491927111e+00	-2.085385e-01	1.951285e+00
3.690086304427111e+00	-2.544006e-01	1.927238e+00
3.694969116927111e+00	-2.989739e-01	1.898493e+00
3.699851929427111e+00	-3.420325e-01	1.865196e+00
3.704734741927111e+00	-3.833582e-01	1.827515e+00
3.709617554427111e+00	-4.227418e-01	1.785643e+00
3.714500366927111e+00	-4.599836e-01	1.739790e+00
3.719383179427111e+00	-4.948951e-01	1.690189e+00
3.724265991927111e+00	-5.272993e-01	1.637091e+00
3.729148804427111e+00	-5.570321e-01	1.580766e+00
3.734031616927111e+00	-5.839428e-01	1.521498e+00
3.738914429427111e+00	-6.078951e-01	1.459589e+00
3.743797241927111e+00	-6.287676e-01	1.395350e+00
3.748680054427111e+00	-6.464547e-01	1.329109e+00
3.753562866927111e+00	-6.608667e-01	1.261201e+00
3.758445679427111e+00	-6.719305e-01	1.191969e+00
3.763328491927111e+00	-6.795902e-01	1.121765e+00
3.768211304427111e+00	-6.838068e-01	1.050944e+00
3.773094116927111e+00	-6.845592e-01	9.798644e-01
3.777976929427111e+00	-6.818434e-01	9.088870e-01
3.782859741927111e+00	-6.756732e-01	8.383713e-01
3.787742554427111e+00	-6.660800e-01	7.686744e-01
3.792625366927111e+00	-6.531122e-01	7.001494e-01
3.797508179427111e+00	-6.368355e-01	6.331435e-01
3.802390991927111e+00	-6.173325e-01	5.679961e-01
3.807273804427111e+00	-5.947019e-01	5.050375e-01
3.812156616927111e+00	-5.690584e-01	4.445863e-01
3.817039429427111e+00	-5.405319e-01	3.869490e-01
3.821922241927111e+00	-5.092669e-01	3.324176e-01
3.826805054427111e+00	-4.754219e-01	2.812682e-01
3.831687866927111e+00	-4.391682e-01	2.337602e-01
3.836570679427111e+00	-4.006897e-01	1.901340e-01
3.841453491927111e+00	-3.601811e-01	1.506108e-01
3.846336304427111e+00	-3.178477e-01	1.153908e-01
3.851219116927111e+00	-2.739041e-01	8.465244e-02
3.856101929427111e+00	-2.285728e-01	5.855140e-02
3.860984741927111e+00	-1.820834e-01	3.721996e-02
3.865867554427111e+00	-1.346716e-01	2.076617e-02
3.870750366927111e+00	-8.657748e-02	9.273386e-03
3.875633179427111e+00	-3.804472e-02	2.799847e-03
3.880515991927111e+00	1.068078e-02	1.378343e-03
3.885398804427111e+00	5.935217e-02	5.016076e-03
3.890281616927111e+00	1.077229e-01	1.369462e-02
3.895164429427111e+00	1.555479e-01	2.737000e-02
3.900047241927111e+00	2.025848e-01	4.597294e-02
3.904930054427111e+00	2.485954e-01	6.940919e-02
3.909812866927111e+00	2.933466e-01	9.756002e-02
3.914695679427111e+00	3.366116e-01	1.302828e-01
3.919578491927111e+00	3.781713e-01	1.674118e-01
3.924461304427111e+00	4.178151e-01	2.087588e-01
3.929344116927111e+00	4.553421e-01	2.541144e-01
3.934226929427111e+00	4.905623e-01	3.032489e-01
3.939109741927111e+00	5.232972e-01	3.559133e-01
3.943992554427111e+00	5.533809e-01	4.118407e-01
3.948875366927111e+00	5.806611e-01	4.707479e-01
3.953758179427111e+00	6.049995e-01	5.323364e-01
3.958640991927111e+00	6.262729e-01	5.962940e-01
3.963523804427111e+00	6.443734e-01	6.622971e-01
3.968406616927111e+00	6.592094e-01	7.300110e-01
3.973289429427111e+00	6.707057e-01	7.990927e-01
3.978172241927111e+00	6.788041e-01	8.691922e-01
3.983055054427111e+00	6.834635e-01	9.399544e-01
3.987937866927111e+00	6.846603e-01	1.011021e+00
3.992820679427111e+00	6.823884e-01	1.082031e+00
3.997703491927111e+00	6.766595e-01	1.152626e+00
4.002586304427112e+00	6.675023e-01	1.222448e+00
4.007469116927112e+00	6.549636e-01	1.291143e+00
4.012351929427112e+00	6.391066e-01	1.358362e+00
4.017234741927112e+00	6.200117e-01	1.423766e+00
4.022117554427112e+00	5.977757e-01	1.487024e+00
4.027000366927112e+00	5.725113e-01	1.547813e+00
4.031883179427112e+00	5.443464e-01	1.605828e+00
4.036765991927112e+00	5.134237e-01	1.660773e+00
4.041648804427112e+00	4.798999e-01	1.712371e+00
4.046531616927112e+00	4.439448e-01	1.760359e+00
4.051414429427112e+00	4.057406e-01	1.804495e+00
4.056297241927112e+00	3.654808e-01	1.844556e+00
4.061180054427112e+00	3.233694e-01	1.880338e+00
4.066062866927112e+00	2.796198e-01	1.911659e+00
4.070945679427112e+00	2.344535e-01	1.938362e+00
4.075828491927112e+00	1.880995e-01	1.960312e+00
4.080711304427112e+00	1.407925e-01	1.977395e+00
4.085594116927112e+00	9.277220e-02	1.989528e+00
4.090476929427112e+00	4.428193e-02	1.996647e+00
4.095359741927112e+00	-4.432681e-03	1.998716e+00
4.100242554427112e+00	-5.312483e-02	1.995726e+00
4.105125366927112e+00	-1.015478e-01	1.987692e+00
4.110008179427112e+00	-1.494563e-01	1.974653e+00
4.114890991927112e+00	-1.966077e-01	1.956677e+00
4.119773804427112e+00	-2.427630e-01	1.933854e+00
4.124656616927112e+00	-2.876883e-01	1.906299e+00
4.129539429427112e+00	-3.311562e-01	1.874153e+00
4.134422241927112e+00	-3.729463e-01	1.837579e+00
4.139305054427112e+00	-4.128470e-01	1.796761e+00
4.144187866927112e+00	-4.506561e-01	1.751907e+00
4.149070679427112e+00	-4.861821e-01	1.703243e+00
4.153953491927112e+00	-5.192449e-01	1.651016e+00
4.158836304427112e+00	-5.496771e-01	1.595491e+00
4.163719116927112e+00	-5.773246e-01	1.536949e+00
4.168601929427112e+00	-6.020471e-01	1.475687e+00
4.173484741927112e+00	-6.237196e-01	1.412015e+00
4.178367554427112e+00	-6.422321e-01	1.346256e+00
4.183250366927112e+00	-6.574908e-01	1.278742e+00
4.188133179427112e+00	-6.694187e-01	1.209816e+00
4.193015991927112e+00	-6.779550e-01	1.139827e+00
4.197898804427112e+00	-6.830567e-01	1.069130e+00
4.202781616927112e+00	-6.846978e-01	9.980822e-01
4.207664429427112e+00	-6.828700e-01	9.270443e-01
4.212547241927112e+00	-6.775827e-01	8.563761e-01
4.217430054427112e+00	-6.688626e-01	7.864355e-01
4.222312866927112e+00	-6.567539e-01	7.175767e-01
4.227195679427112e+00	-6.413179e-01	6.501489e-01
4.232078491927112e+00	-6.226328e-01	5.844933e-01
4.236961304427112e+00	-6.007933e-01	5.209429e-01
4.241844116927112e+00	-5.759100e-01	4.598195e-01
4.246726929427112e+00	-5.481090e-01	4.014327e-01
4.251609741927112e+00	-5.175312e-01	3.460784e-01
4.256492554427112e+00	-4.843314e-01	2.940370e-01
4.261375366927112e+00	-4.486778e-01	2.455721e-01
4.266258179427112e+00	-4.107512e-01	2.009293e-01
4.271140991927112e+00	-3.707435e-01	1.603348e-01
4.276023804427112e+00	-3.288576e-01	1.239943e-01
4.280906616927112e+00	-2.853056e-01	9.209172e-02
4.285789429427112e+00	-2.403082e-01	6.478885e-02
4.290672241927112e+00	-1.940933e-01	4.222396e-02
4.295555054427112e+00	-1.468951e-01	2.451137e-02
4.300437866927112e+00	-9.895267e-02	1.174082e-02
4.305320679427112e+00	-5.050891e-02	3.977012e-03
4.310203491927112e+00	-1.809241e-03	1.259274e-03
4.315086304427112e+00	4.689960e-02	3.601376e-03
4.319969116927112e+00	9.537084e-02	1.099145e-02
4.324851929427112e+00	1.433589e-01	2.339207e-02
4.329734741927112e+00	1.906207e-01	4.074039e-02
4.334617554427112e+00	2.369168e-01	6.294853e-02
4.339500366927112e+00	2.820126e-01	8.990399e-02
4.344383179427112e+00	3.256797e-01	1.214702e-01
4.349265991927112e+00	3.676968e-01	1.574872e-01
4.354148804427112e+00	4.078511e-01	1.977726e-01
4.359031616927112e+00	4.459392e-01	2.421222e-01
4.363914429427112e+00	4.817680e-01	2.903115e-01
4.368797241927112e+00	5.151560e-01	3.420961e-01
4.373680054427112e+00	5.459342e-01	3.972138e-01
4.378562866927112e+00	5.739465e-01	4.553854e-01
4.383445679427112e+00	5.990512e-01	5.163161e-01
4.388328491927112e+00	6.211208e-01	5.796973e-01
4.393211304427112e+00	6.400438e-01	6.452077e-01
4.398094116927112e+00	6.557241e-01	7.125157e-01
4.402976929427112e+00	6.680824e-01	7.812800e-01
4.407859741927112e+00	6.770561e-01	8.511525e-01
4.412742554427112e+00	6.825996e-01	9.217790e-01
4.417625366927112e+00	6.846849e-01	9.928018e-01
4.422508179427112e+00	6.833014e-01	1.063861e+00
4.427390991927112e+00	6.784563e-01	1.134597e+00
4.432273804427112e+00	6.701739e-01	1.204651e+00
4.437156616927112e+00	6.584961e-01	1.273668e+00
4.442039429427112e+00	6.434824e-01	1.341298e+00
4.446922241927112e+00	6.252086e-01	1.407199e+00
4.451805054427112e+00	6.037674e-01	1.471038e+00
4.456687866927112e+00	5.792674e-01	1.532490e+00
4.461570679427112e+00	5.518326e-01	1.591244e+00
4.466453491927112e+00	5.216022e-01	1.647003e+00
4.471336304427112e+00	4.887291e-01	1.699484e+00
4.476219116927112e+00	4.533801e-01	1.748421e+00
4.481101929427112e+00	4.157342e-01	1.793567e+00
4.485984741927112e+00	3.759820e-01	1.834692e+00
4.490867554427112e+00	3.343251e-01	1.871588e+00
4.495750366927112e+00	2.909743e-01	1.904069e+00
4.500633179427112e+00	2.461495e-01	1.931969e+00
4.505515991927112e+00	2.000776e-01	1.955148e+00
4.510398804427112e+00	1.529921e-01	1.973488e+00
4.515281616927112e+00	1.051315e-01	1.986896e+00
4.520164429427112e+00	5.673824e-02	1.995304e+00
4.525047241927112e+00	8.057568e-03	1.998669e+00
4.529930054427112e+00	-4.066392e-02	1.996975e+00
4.534812866927112e+00	-8.917938e-02	1.990230e+00
4.539695679427112e+00	-1.372430e-01	1.978469e+00
4.544578491927112e+00	-1.846114e-01	1.961750e+00
4.549461304427112e+00	-2.310444e-01	1.940159e+00
4.554344116927112e+00	-2.763070e-01	1.913804e+00
4.559226929427112e+00	-3.201696e-01	1.882820e+00
4.564109741927112e+00	-3.624102e-01	1.847364e+00
4.568992554427112e+00	-4.028148e-01	1.807614e+00
4.573875366927112e+00	-4.411786e-01	1.763773e+00
4.578758179427112e+00	-4.773072e-01	1.716063e+00
4.583640991927112e+00	-5.110177e-01	1.664724e+00
4.588523804427112e+00	-5.421393e-01	1.610018e+00
4.593406616927112e+00	-5.705142e-01	1.552222e+00
4.598289429427112e+00	-5.959988e-01	1.491628e+00
4.603172241927112e+00	-6.184639e-01	1.428543e+00
4.608055054427112e+00	-6.377957e-01	1.363287e+00
4.612937866927112e+00	-6.538963e-01	1.296190e+00
4.617820679427112e+00	-6.666841e-01	1.227593e+00
4.622703491927112e+00	-6.760943e-01	1.157843e+00
4.627586304427112e+00	-6.820792e-01	1.087293e+00
4.632469116927112e+00	-6.846085e-01	1.016301e+00
4.637351929427112e+00	-6.836694e-01	9.452260e-01
4.642234741927112e+00	-6.792668e-01	8.744287e-01
4.647117554427112e+00	-6.714227e-01	8.042676e-01
4.652000366927112e+00	-6.601771e-01	7.350981e-01
4.656883179427112e+00	-6.455869e-01	6.672707e-01
4.661765991927112e+00	-6.277260e-01	6.011289e-01
4.666648804427112e+00	-6.066848e-01	5.370078e-01
4.671531616927112e+00	-5.825700e-01	4.752324e-01
4.676414429427112e+00	-5.555037e-01	4.161156e-01
4.681297241927112e+00	-5.256232e-01	3.599568e-01
4.686180054427112e+00	-4.930797e-01	3.070406e-01
4.691062866927112e+00	-4.580381e-01	2.576351e-01
4.695945679427112e+00	-4.206760e-01	2.119906e-01
4.700828491927112e+00	-3.811827e-01	1.703383e-01
4.705711304427112e+00	-3.397581e-01	1.328892e-01
4.710594116927112e+00	-2.966123e-01	9.983316e-02
4.715476929427112e+00	-2.519638e-01	7.133752e-02
4.720359741927112e+00	-2.060387e-01	4.754669e-02
4.725242554427112e+00	-1.590698e-01	2.858120e-02
4.730125366927112e+00	-1.112950e-01	1.453712e-02
4.735008179427112e+00	-6.295631e-02	5.485625e-03
4.739890991927112e+00	-1.429868e-02	1.472553e-03
4.744773804427112e+00	3.443139e-02	2.518242e-03
4.749656616927112e+00	8.298704e-02	8.617394e-03
4.754539429427112e+00	1.311223e-01	1.973911e-02
4.759422241927112e+00	1.785932e-01	3.582704e-02
4.764305054427112e+00	2.251594e-01	5.679969e-02
4.769187866927112e+00	2.705848e-01	8.255079e-02
4.774070679427112e+00	3.146394e-01	1.129499e-01
4.778953491927112e+00	3.571000e-01	1.478430e-01
4.783836304427112e+00	3.977515e-01	1.870533e-01
4.788719116927112e+00	4.363878e-01	2.303822e-01
4.793601929427112e+00	4.728133e-01	2.776101e-01
4.798484741927112e+00	5.068434e-01	3.284978e-01
4.803367554427112e+00	5.383058e-01	3.827875e-01
4.808250366927112e+00	5.670410e-01	4.402041e-01
4.813133179427112e+00	5.929034e-01	5.004568e-01
4.818015991927112e+00	6.157621e-01	5.632402e-01
4.822898804427112e+00	6.355011e-01	6.282364e-01
4.827781616927112e+00	6.520206e-01	6.951159e-01
4.832664429427112e+00	6.652368e-01	7.635401e-01
4.837547241927112e+00	6.750827e-01	8.331623e-01
4.842430054427112e+00	6.815086e-01	9.036297e-01
4.847312866927112e+00	6.844817e-01	9.745852e-01
4.852195679427112e+00	6.839871e-01	1.045670e+00
4.857078491927112e+00	6.800273e-01	1.116523e+00
4.861961304427112e+00	6.726223e-01	1.186785e+00
4.866844116927112e+00	6.618097e-01	1.256101e+00
4.871726929427112e+00	6.476442e-01	1.324120e+00
4.876609741927112e+00	6.301975e-01	1.390497e+00
4.881492554427112e+00	6.095582e-01	1.454895e+00
4.886375366927112e+00	5.858307e-01	1.516989e+00
4.891258179427112e+00	5.591352e-01	1.576463e+00
4.896140991927112e+00	5.296071e-01	1.633017e+00
4.901023804427112e+00	4.973958e-01	1.686364e+00
4.905906616927112e+00	4.626646e-01	1.736234e+00
4.910789429427112e+00	4.255894e-01	1.782374e+00
4.915672241927112e+00	3.863581e-01	1.824550e+00
4.920555054427112e+00	3.451695e-01	1.862548e+00
4.925437866927112e+00	3.022321e-01	1.896177e+00
4.930320679427112e+00	2.577636e-01	1.925266e+00
4.935203491927112e+00	2.119892e-01	1.949667e+00
4.940086304427112e+00	1.651408e-01	1.969256e+00
4.944969116927112e+00	1.174558e-01	1.983935e+00
4.949851929427112e+00	6.917570e-02	1.993630e+00
4.954734741927112e+00	2.054516e-02	1.998290e+00
4.959617554427112e+00	-2.818945e-02	1.997892e+00
4.964500366927112e+00	-7.678124e-02	1.992440e+00
4.969383179427112e+00	-1.249840e-01	1.981959e+00
4.974265991927112e+00	-1.725536e-01	1.966503e+00
4.979148804427112e+00	-2.192490e-01	1.946151e+00
4.984031616927112e+00	-2.648336e-01	1.921005e+00
4.988914429427112e+00	-3.090765e-01	1.891193e+00
4.998680054427112e+00	-3.930168e-01	1.818951e+00
5.000000000000000e+00	-4.038860e-01	1.808044e+00
